1
2
3
5
5
7
9
10
10
12
14
16
16
17
17
19
19
21
21
22
22
22
25
25
26
26
28
28
31
33
34
34
35
37
38
38
38
39
39
41
42
42
42
43
44
44
46
46
50
53
55
56
56
57
58
61
61
63
64
67
69
69
71
71
72
73
73
74
74
78
78
79
79
80
80
81
81
83
84
84
88
90
91
91
92
93
95
98
98
98
99
100
100
102
106
106
109
110
110
111
111
112
115
115
116
117
117
118
118
119
119
119
120
120
120
121
123
124
125
125
125
128
129
130
130
132
132
132
132
133
133
133
133
134
134
136
137
137
139
139
140
140
140
141
141
142
143
143
144
146
146
146
148
150
151
151
152
153
154
155
156
159
161
162
162
166
167
168
168
169
169
171
171
172
174
174
175
176
176
176
177
177
178
180
180
183
184
185
186
186
187
188
188
188
189
191
191
192
192
193
194
199
199
202
202
204
205
205
206
211
211
212
213
214
214
214
214
215
216
217
217
219
221
221
223
223
223
224
225
225
226
227
229
230
231
231
231
233
233
234
235
236
238
239
240
241
242
242
244
245
245
245
245
247
248
251
251
253
254
254
254
254
255
255
257
257
258
258
261
261
262
262
265
267
268
268
270
270
271
273
274
274
274
276
276
278
279
279
281
283
285
285
287
287
288
288
289
290
290
291
291
294
294
294
295
295
296
296
297
298
298
298
299
300
303
303
304
306
308
309
311
311
314
316
317
318
318
319
319
319
322
325
326
327
328
329
330
331
331
331
331
332
332
334
334
335
336
337
338
339
341
341
342
342
342
344
345
345
346
347
347
349
351
352
353
353
354
354
355
355
356
358
359
359
360
362
362
363
363
365
366
367
367
368
368
369
370
371
372
373
376
378
379
379
379
381
381
386
388
388
388
389
393
394
396
397
397
398
398
398
399
399
400
401
403
405
406
408
409
409
409
410
410
410
412
413
414
415
415
415
418
419
420
422
422
423
425
425
425
426
427
433
434
434
434
437
437
438
438
438
440
441
441
442
442
444
445
446
448
448
449
450
453
454
457
458
458
459
460
460
463
465
465
466
468
468
468
469
471
472
474
474
476
476
476
476
477
479
483
486
489
490
490
491
492
495
495
496
496
497
498
498
499
500
501
502
508
511
514
515
515
516
517
517
519
520
520
524
524
524
524
527
527
527
528
529
529
529
530
530
531
533
535
536
538
540
540
543
544
545
545
546
547
547
548
549
550
550
553
553
553
554
555
556
557
557
557
559
560
560
560
560
561
561
563
564
565
566
566
566
567
568
568
568
571
571
572
572
574
575
576
576
579
580
580
585
586
587
587
588
589
590
591
592
596
597
597
598
598
599
600
601
601
602
603
603
604
605
605
605
608
610
611
612
612
613
614
615
615
616
618
618
619
620
621
622
624
625
628
629
635
636
637
638
640
643
649
650
652
653
654
654
656
656
656
657
657
658
658
659
660
662
662
663
664
665
666
666
667
667
667
671
677
677
679
680
680
680
680
680
680
685
685
686
687
687
689
689
690
691
691
692
692
692
693
693
694
694
694
695
695
695
695
696
696
697
699
699
699
700
700
700
701
701
707
707
710
712
715
716
717
719
720
721
721
721
722
722
722
723
724
725
725
726
726
727
728
729
730
731
732
732
732
732
733
733
734
734
734
735
737
738
739
740
740
742
743
747
749
751
753
753
755
756
756
756
756
757
758
759
759
759
760
761
761
762
764
765
766
766
767
768
769
771
772
772
774
774
776
777
778
778
779
781
782
782
782
784
785
785
787
787
788
789
791
791
795
795
796
797
798
799
799
800
800
801
801
803
804
804
806
806
807
808
810
810
812
812
812
815
815
818
819
820
822
824
824
824
826
826
827
827
828
828
828
832
832
833
833
834
834
835
835
837
838
839
839
842
845
846
846
846
848
849
851
852
855
855
856
856
857
857
857
858
859
859
859
860
861
861
862
862
864
864
866
867
867
868
868
871
871
874
874
875
875
876
876
877
879
880
881
882
882
885
885
886
886
887
888
889
890
891
892
892
893
898
898
900
901
901
901
901
903
905
909
910
914
914
918
919
922
923
923
924
925
925
926
926
927
927
928
930
931
932
933
933
934
935
936
938
940
941
941
943
945
947
947
947
949
949
949
949
950
951
952
952
953
954
955
955
955
956
958
960
960
961
962
963
964
967
968
968
969
969
972
972
973
973
973
974
976
977
980
980
981
982
984
984
984
984
987
989
991
993
993
997
998
998
999
1000
