2
917
100
699
899
255
397
180
859
720
7
290
96
549
690
558
610
484
659
183
619
433
127
131
771
641
420
346
266
84
773
268
691
563
968
590
509
54
460
367
774
468
347
560
707
36
117
316
520
466
499
138
900
316
961
670
958
70
15
223
154
478
492
535
41
149
124
550
894
275
607
667
743
644
226
139
370
33
146
580
499
645
409
398
652
369
67
609
439
774
522
283
251
704
818
983
543
633
222
436
908
519
102
340
162
18
479
532
51
625
803
241
961
211
639
302
580
397
601
709
861
122
992
802
827
809
785
369
441
6
496
38
526
598
378
378
307
548
601
358
863
403
289
513
614
619
815
884
15
415
592
566
228
583
367
745
81
151
804
213
849
299
251
64
588
320
442
895
558
733
943
420
135
232
624
439
851
128
322
556
234
914
121
462
496
178
897
578
330
700
791
869
1000
732
933
587
51
64
481
609
798
113
720
623
345
33
62
886
161
384
441
85
989
252
547
484
121
443
752
451
834
232
9
833
655
942
109
706
696
280
5
493
393
415
116
429
138
869
314
299
943
446
385
931
388
622
105
509
756
857
650
589
780
659
111
434
290
911
830
987
881
525
169
964
630
976
392
768
844
397
67
477
533
142
407
921
454
512
120
900
59
770
178
839
119
980
963
99
890
792
85
770
317
946
424
947
921
816
715
455
903
472
932
435
304
338
356
448
851
166
348
600
626
526
438
435
506
400
535
85
882
310
546
889
255
970
836
176
785
240
631
378
402
562
813
396
900
859
844
440
24
191
39
341
718
167
776
914
257
310
999
139
621
544
27
876
513
553
51
989
483
372
56
885
934
869
280
524
728
124
654
442
5
384
783
413
551
559
326
499
559
325
638
179
559
355
746
763
909
487
441
81
860
497
967
483
365
937
697
783
751
351
225
447
425
698
860
666
947
186
164
506
201
492
685
760
848
430
522
446
918
653
527
467
149
183
950
515
811
337
988
251
378
903
698
803
601
558
468
547
744
323
743
945
815
428
394
352
548
607
488
155
259
706
622
409
579
262
614
389
599
601
641
977
194
28
469
795
586
937
31
19
950
775
654
455
893
48
807
130
345
986
286
604
691
598
12
269
860
316
349
148
608
680
124
802
708
593
286
985
220
7
3
169
472
348
624
364
86
121
495
431
106
471
725
487
68
738
756
929
744
104
76
351
474
892
152
182
174
128
166
394
136
860
254
608
898
878
973
984
689
157
104
795
628
830
281
696
257
728
314
0
522
81
352
997
663
194
869
837
323
34
231
459
584
485
66
482
52
729
155
432
576
260
226
203
89
198
590
36
616
594
36
137
365
78
824
27
273
692
865
286
416
95
745
691
270
501
863
12
921
17
444
496
968
361
700
747
249
980
783
865
573
820
692
939
588
206
966
861
898
520
837
4
305
581
695
575
773
247
278
693
955
722
188
923
82
578
669
331
247
142
886
511
652
268
139
239
474
795
791
61
315
627
65
620
899
450
195
361
387
473
53
342
885
932
264
968
200
623
989
447
455
565
958
106
833
96
36
306
892
827
57
897
143
814
516
732
263
401
92
341
564
836
683
449
458
637
106
658
259
785
795
715
349
443
511
872
229
547
868
811
63
926
707
207
739
223
629
692
314
722
32
879
557
715
17
14
351
123
362
301
598
848
706
948
290
216
819
519
454
687
20
517
302
727
414
40
640
43
732
645
455
455
523
11
169
540
717
211
353
769
202
951
616
908
588
906
814
407
115
267
784
135
475
776
552
889
816
883
622
237
527
76
692
49
779
552
279
185
453
632
954
655
272
570
562
861
475
375
958
280
643
431
415
808
206
658
386
21
540
8
949
66
775
641
806
243
192
775
428
335
406
382
990
678
952
551
228
116
616
185
397
949
616
502
756
822
159
142
843
389
841
482
455
305
122
951
549
4
725
977
339
821
48
328
189
1000
569
417
807
875
603
203
824
218
705
269
731
555
101
263
944
632
745
89
938
867
39
486
561
455
152
900
966
201
918
154
891
176
262
697
51
555
590
565
463
986
524
193
540
316
457
173
948
201
262
885
759
993
60
319
447
213
910
412
104
517
257
685
694
519
72
435
73
662
690
226
337
904
420
877
219
877
741
167
768
2
742
216
685
803
536
131
706
135
234
500
652
181
184
35
390
256
160
153
609
540
379
946
444
799
513
353
365
253
210
133
946
953
349
631
445
575
452
841
400
376
30
743
557
214
778
947
161
629
99
770
168
169
405
302
968
918
656
333
861
556
156
807
508
195
127
643
461
579
173
861
956
203
603
202
108
71
149
269
700
939
729
558
107
133
861
766
742
206
789
602
762
635
98
961
520
225
293
981
495
467
532
450
360
134
652
468
205
491
427
595
120
155
153
918
980
704
683
721
910
161
12
671
796
111
321
316
26
615
987
521
772
518
661
131
653
3
290
548
184
717
834
304
563
677
913
232
380
285
643
980
447
655
340
933
456
662
939
173
276
926
694
738
133
45
869
476
739
158
715
923
566
548
918
128
224
830
360
294
114
2
273
251
347
613
875
804
274
503
667
240
118
360
668
252
95
537
728
834
385
442
447
951
680
364
769
594
884
819
578
688
511
851
940
859
154
504
352
428
6
709
359
125
759
26
377
855
253
795
688
329
928
134
970
297
188
429
892
71
247
469
760
449
10
389
998
164
893
39
282
589
748
331
714
506
48
781
360
301
576
739
320
193
563
290
490
442
719
71
513
656
231
963
795
241
351
792
405
934
831
377
523
268
709
236
775
757
17
825
748
283
253
759
166
817
48
656
949
457
418
461
803
649
424
598
580
465
389
675
399
911
51
922
178
760
157
643
206
865
468
645
838
721
403
694
227
141
350
175
288
458
327
90
106
441
378
686
906
458
360
304
368
101
916
236
552
764
880
758
318
37
92
156
448
185
850
366
326
890
541
614
347
558
395
143
999
773
829
595
230
879
899
288
981
505
215
532
268
785
980
586
822
72
742
960
257
282
325
274
862
557
578
209
114
973
42
804
436
562
398
356
440
987
335
110
491
550
332
449
334
312
35
846
74
467
805
21
749
130
295
301
377
874
200
491
536
242
985
662
804
72
18
935
59
353
44
240
593
377
690
927
689
725
462
453
882
957
474
631
777
460
932
153
23
822
335
559
63
319
912
868
392
930
802
141
973
536
71
565
913
451
181
291
866
333
744
748
289
909
68
66
368
690
219
391
511
554
640
574
564
551
131
956
170
623
787
833
159
548
397
762
1000
268
53
865
601
487
302
891
395
370
957
453
59
866
534
570
110
174
835
674
415
966
319
276
279
105
108
438
653
196
890
342
464
633
207
65
120
509
646
205
570
292
349
629
848
883
890
958
747
724
631
853
379
950
128
348
745
236
476
398
432
366
430
587
999
637
342
809
837
678
14
406
970
53
725
817
936
304
775
373
27
95
225
97
45
353
135
790
279
612
878
402
978
308
989
976
635
20
475
161
698
489
257
357
232
983
173
167
286
638
540
4
734
455
792
469
498
927
258
778
538
136
870
205
134
548
872
769
568
346
931
956
835
187
312
757
860
485
924
837
814
154
841
237
609
322
706
798
248
964
265
477
790
134
682
924
682
553
383
940
899
313
895
423
190
206
179
50
381
794
887
885
638
417
121
246
739
827
734
677
481
999
844
270
132
526
885
504
769
267
133
668
270
718
781
150
924
651
891
996
444
777
570
81
884
692
17
312
518
752
680
689
750
523
960
573
48
534
76
508
801
901
866
761
618
646
911
232
296
802
918
430
268
487
201
843
178
910
154
387
661
524
75
100
47
725
363
786
258
130
293
749
30
158
199
648
495
110
880
791
602
797
912
560
284
803
402
152
712
247
229
62
771
305
163
508
720
216
294
979
346
277
417
376
436
617
715
931
417
594
411
18
81
12
578
55
816
671
898
527
608
127
590
68
432
443
577
151
659
561
820
696
838
237
71
273
544
786
894
961
70
305
669
842
317
937
587
132
607
484
350
214
611
940
974
42
72
550
885
421
110
394
116
948
321
879
912
865
354
805
825
424
109
493
956
117
430
542
940
727
26
289
632
637
919
605
370
681
845
945
102
955
28
218
592
350
787
503
214
141
999
730
255
798
913
211
915
32
443
855
760
469
834
81
797
753
686
857
123
530
491
225
174
519
134
456
869
921
650
774
61
648
503
7
445
105
218
360
138
661
905
588
821
738
669
617
180
44
163
304
574
654
219
438
172
43
894
41
655
543
815
406
881
7
413
326
112
631
376
941
983
280
528
803
708
196
109
579
240
272
573
504
926
792
632
97
526
526
829
180
759
333
586
640
30
1000
656
143
320
31
774
302
1
302
795
709
498
904
287
429
866
550
623
791
32
255
579
558
471
97
738
920
121
13
249
151
12
905
985
333
626
759
325
627
60
120
26
248
23
3
367
580
554
991
370
586
245
639
143
716
427
571
325
548
584
575
699
287
479
684
310
105
442
635
422
192
755
448
440
469
142
808
739
696
488
108
972
733
438
805
138
555
375
463
102
649
37
801
936
207
174
245
2
306
881
424
498
325
563
629
484
395
436
222
781
924
21
752
346
149
556
174
704
621
327
806
269
365
296
896
262
161
140
264
467
711
378
966
727
631
594
210
25
720
123
496
333
835
247
369
984
493
543
377
804
870
873
764
925
859
659
186
19
799
140
177
200
519
833
927
840
116
827
556
836
640
51
859
474
990
227
147
172
460
524
977
329
396
740
945
946
398
130
965
887
962
141
777
170
974
393
9
89
220
565
615
550
307
473
715
296
390
862
468
850
76
134
870
162
564
814
107
652
634
763
229
595
904
5
765
568
399
465
347
309
720
653
549
26
816
263
12
206
125
171
746
201
305
305
363
870
118
161
521
443
924
750
728
517
446
493
84
535
958
122
844
677
775
392
394
590
656
406
486
471
267
923
362
573
227
725
132
36
576
343
169
499
784
897
16
920
389
791
454
36
913
988
404
377
69
798
658
415
894
143
886
161
756
247
424
984
663
556
710
238
589
879
738
372
775
444
982
855
234
435
581
838
422
985
214
492
472
872
907
366
706
793
217
461
730
641
134
82
887
534
321
475
412
749
538
878
192
519
732
116
955
312
954
66
988
859
558
459
730
155
515
125
638
732
277
367
372
101
140
949
636
461
114
738
900
652
615
782
861
36
898
505
39
542
572
26
400
820
175
820
665
691
636
302
422
913
360
485
13
500
123
339
651
237
77
550
889
692
331
440
419
919
945
458
460
206
174
550
717
349
60
381
730
696
374
843
608
734
17
311
924
140
651
574
378
728
814
957
109
144
396
218
753
31
366
904
237
540
453
954
580
513
25
309
208
399
151
506
823
168
818
746
309
158
9
377
886
823
333
685
657
730
594
409
451
960
312
688
500
456
332
770
659
47
78
868
446
921
63
268
88
881
704
87
729
713
464
304
535
488
990
191
908
583
290
358
232
293
736
422
749
758
191
407
805
961
965
250
881
28
208
659
599
912
437
328
624
591
632
849
78
311
39
986
584
20
343
817
313
770
238
752
527
120
158
332
80
814
272
961
842
171
309
130
82
746
458
397
337
781
245
105
91
976
91
366
996
124
182
999
584
110
750
111
921
908
133
0
411
405
651
943
576
961
73
349
396
221
436
423
1
681
529
784
346
310
840
341
124
712
339
709
822
779
510
743
687
643
433
788
47
84
731
314
735
804
353
821
715
789
935
407
469
153
881
506
153
720
847
277
431
877
676
943
655
185
375
31
828
809
820
566
583
240
880
7
734
923
518
448
711
452
855
870
295
425
375
448
144
222
726
265
789
91
208
133
277
273
856
795
772
365
360
44
605
930
742
338
852
260
476
252
402
21
122
698
446
497
145
591
409
561
546
888
653
444
21
620
718
877
414
489
932
465
224
536
84
966
564
937
225
39
879
318
60
0
15
197
498
851
478
597
412
23
485
64
468
196
684
185
72
788
364
694
252
588
229
337
554
483
964
469
212
842
477
964
843
492
160
30
343
638
627
445
661
802
199
128
998
883
3
760
360
58
453
303
646
372
640
890
855
293
49
67
134
526
30
667
709
190
387
742
518
705
186
178
506
385
998
504
958
0
954
317
58
407
620
395
779
950
975
324
242
23
391
67
240
111
424
949
992
812
690
509
206
876
687
712
951
374
906
908
65
860
915
814
266
225
208
735
174
874
58
107
897
139
865
136
250
288
84
241
790
464
750
996
339
127
398
980
501
994
887
256
853
802
70
809
717
969
544
581
842
292
688
429
432
552
565
682
531
340
614
10
804
363
697
834
180
94
813
372
87
390
628
631
882
698
439
598
667
673
178
198
656
557
627
87
799
883
459
329
913
72
30
406
126
727
239
306
821
743
678
598
823
306
228
704
694
358
992
50
721
169
249
376
726
566
153
215
448
613
234
360
685
264
767
811
991
696
808
501
128
485
99
951
791
17
654
175
65
645
225
787
505
474
853
921
40
6
135
178
619
370
539
994
634
996
495
315
691
302
816
820
787
605
770
268
313
114
443
378
759
668
164
263
833
708
184
563
714
9
741
22
379
970
15
13
965
510
328
656
502
834
475
289
439
935
247
752
48
690
820
808
47
675
761
570
382
635
132
95
645
564
808
23
533
513
727
498
714
745
153
215
269
318
504
398
252
441
840
992
130
659
489
869
333
249
128
715
575
261
500
910
515
307
623
47
821
350
545
224
785
388
439
744
396
634
141
339
74
981
330
896
640
819
764
973
758
892
378
22
843
878
932
357
876
555
95
386
595
330
610
379
719
48
814
805
682
955
143
447
936
163
342
575
672
796
237
120
377
615
142
911
183
74
958
58
319
52
134
914
383
744
983
792
482
796
596
855
751
430
301
376
283
333
951
646
128
878
766
195
493
598
105
676
362
63
424
681
115
558
594
188
992
267
980
163
62
266
17
503
386
8
879
669
341
519
4
159
397
770
355
580
58
460
255
420
523
369
101
329
617
385
517
608
342
497
771
95
453
479
598
839
487
167
197
829
686
202
988
773
662
32
352
720
493
297
831
706
666
622
34
282
6
552
580
39
739
351
134
882
520
732
720
6
589
607
525
275
499
203
47
161
235
90
571
418
387
401
124
53
22
158
25
720
400
606
759
829
647
893
710
166
314
119
863
904
727
78
869
225
281
606
76
206
696
648
625
83
739
749
827
762
597
852
481
998
147
930
826
484
512
536
340
826
345
203
419
71
972
287
988
943
894
63
148
589
401
463
362
140
211
188
592
809
731
763
496
568
692
11
52
203
237
392
719
583
285
138
654
256
425
331
198
8
85
37
288
176
500
650
316
402
529
598
901
259
360
396
827
742
407
569
635
645
652
354
227
937
182
571
884
297
593
772
997
678
809
284
544
1000
934
551
401
152
148
301
411
199
387
929
941
484
187
266
819
839
310
736
466
492
307
349
479
590
120
475
958
620
759
501
619
383
51
19
535
891
10
637
89
87
255
720
571
442
986
390
972
986
125
437
167
122
786
647
712
596
121
669
215
571
861
524
644
602
233
178
492
243
505
581
330
760
992
592
893
667
982
864
653
106
300
820
229
776
156
631
371
278
991
277
539
851
801
182
142
34
50
635
968
556
906
989
315
897
580
207
564
561
70
907
357
60
726
276
836
883
908
898
851
588
174
79
438
665
261
270
699
1
905
357
557
811
345
563
397
925
770
651
175
531
557
532
281
974
809
117
546
406
14
86
994
879
165
121
543
116
391
242
117
296
289
365
797
634
928
193
248
387
535
113
918
91
645
199
755
143
6
300
239
711
386
232
589
241
353
131
47
435
63
856
421
352
220
217
676
147
100
614
534
635
727
142
417
62
31
171
205
728
162
135
438
238
367
26
170
411
157
217
846
221
72
266
263
983
173
940
820
964
553
44
599
280
186
706
32
908
877
928
635
729
62
72
968
430
789
137
531
946
44
376
857
117
332
811
790
195
750
610
158
993
654
447
272
530
152
304
437
720
923
762
448
985
834
105
414
312
933
945
948
978
10
495
785
32
305
574
918
54
183
76
46
527
523
9
56
366
3
493
85
926
254
223
911
778
329
14
780
261
650
728
238
350
222
713
73
527
287
991
271
160
757
317
688
971
16
434
336
711
928
421
636
872
334
236
340
663
251
119
615
591
847
543
941
759
256
704
285
233
695
556
393
451
564
771
421
580
205
447
290
823
558
617
384
893
853
414
245
794
534
860
74
70
403
706
520
349
409
805
582
794
51
665
936
305
126
46
885
21
494
866
534
51
172
918
634
715
22
880
199
556
739
273
316
832
979
836
871
78
331
142
872
72
808
807
377
624
854
952
645
37
507
869
88
679
786
723
394
808
292
593
53
721
556
60
553
535
586
113
613
917
256
174
679
754
672
55
377
525
7
712
252
514
580
30
884
55
753
968
554
735
250
297
456
806
357
699
30
944
812
643
550
758
508
229
511
179
975
888
394
672
289
646
186
869
676
760
615
119
727
168
544
977
465
1000
782
513
698
813
456
200
145
696
958
343
615
469
522
590
46
606
261
336
942
137
895
308
587
199
117
313
367
661
980
523
661
452
35
48
955
181
248
790
877
206
133
182
365
345
772
411
952
723
437
583
551
22
891
137
221
7
451
279
669
120
802
329
572
527
377
526
708
316
316
274
522
139
456
577
484
918
678
125
641
115
399
882
828
289
18
739
297
159
17
656
280
509
675
542
35
742
68
743
57
74
708
269
904
163
846
387
81
524
203
412
329
602
984
156
581
1
585
568
161
293
223
131
802
898
673
528
640
431
961
387
195
668
657
98
832
192
176
603
716
379
705
44
671
688
891
251
379
166
820
230
459
733
361
951
631
725
168
961
155
129
37
41
797
694
139
318
577
315
611
292
384
5
27
745
693
608
997
72
774
506
302
923
238
354
564
559
78
732
519
924
861
247
965
348
631
795
666
207
109
968
500
184
973
217
929
666
515
615
428
289
120
420
902
49
774
465
608
542
197
818
156
57
64
120
95
695
605
762
903
405
419
92
589
391
309
207
747
824
513
174
803
633
285
395
682
749
860
981
982
747
798
137
495
862
948
590
556
553
351
148
958
460
240
236
852
239
133
598
754
646
463
246
279
748
641
651
186
191
631
167
938
118
304
432
980
943
22
226
495
63
374
142
524
305
68
65
234
201
663
678
848
125
925
817
563
255
157
440
136
479
607
74
597
602
196
267
544
909
493
38
663
557
871
186
552
939
251
787
139
604
464
987
420
78
493
673
24
651
112
160
129
720
234
726
321
121
993
865
29
175
593
692
733
153
568
975
91
509
761
921
113
916
598
223
684
90
896
708
431
8
869
560
728
793
977
739
604
659
293
324
835
576
706
257
729
274
231
510
473
683
120
586
288
718
499
662
499
395
370
930
403
929
490
821
411
156
249
15
815
542
339
339
808
44
286
536
8
208
736
482
581
856
758
869
264
257
220
763
652
590
692
745
208
872
255
620
27
504
325
533
736
354
562
543
88
849
78
97
56
504
269
327
49
717
195
313
974
105
75
315
696
458
750
594
329
4
904
47
508
228
270
243
272
832
786
361
370
554
148
116
748
107
443
798
824
328
110
798
434
877
803
820
334
553
413
353
557
317
90
756
235
360
999
508
883
475
559
943
719
397
59
467
504
502
264
327
831
64
815
264
941
618
774
965
861
186
318
417
193
408
863
429
459
862
627
341
26
876
283
745
272
32
902
776
535
856
793
55
921
298
9
551
606
783
516
466
969
834
573
853
932
436
281
390
988
908
421
704
783
395
448
745
427
40
210
652
896
693
397
816
991
406
367
286
879
573
442
538
406
15
390
27
141
671
418
819
268
529
522
741
614
660
175
732
700
385
383
596
77
781
101
759
877
158
44
756
731
487
984
827
192
373
855
333
734
963
842
692
491
363
122
105
713
297
837
413
682
910
699
449
380
490
207
257
649
252
703
379
429
376
206
621
749
60
644
482
22
485
864
203
538
986
999
941
282
835
43
964
435
742
412
815
923
310
762
571
562
154
640
991
530
846
301
969
596
945
140
308
119
3
512
347
989
200
287
270
726
331
924
160
763
26
665
685
336
117
946
588
271
586
268
492
121
259
460
408
203
601
716
12
294
918
49
283
118
336
243
844
357
858
694
120
574
358
495
600
475
441
187
437
717
145
929
838
404
78
245
297
679
652
309
664
569
48
947
377
384
880
911
742
737
604
552
0
963
737
600
127
868
787
564
584
622
182
112
25
261
47
12
630
699
11
293
959
59
930
335
444
810
246
876
236
850
117
237
502
544
837
320
412
314
884
996
626
757
798
342
17
846
354
337
544
366
631
502
425
560
838
559
59
774
124
987
313
932
223
816
476
750
826
888
754
709
573
380
155
371
722
863
907
766
200
450
131
521
643
247
771
170
496
831
944
311
817
256
242
730
762
718
169
587
295
924
987
559
994
832
930
405
695
836
170
895
976
993
415
618
239
876
478
735
706
421
45
212
368
979
632
820
696
802
97
682
415
774
240
98
605
860
503
299
385
673
884
360
665
989
669
594
865
146
19
260
258
755
473
316
733
795
135
119
286
923
801
391
696
731
489
301
590
682
290
975
355
174
24
710
162
383
995
717
220
13
978
478
768
140
484
191
935
309
310
912
232
801
302
928
221
792
919
811
473
209
475
518
73
499
919
926
883
913
643
102
616
310
270
73
450
754
264
384
62
264
986
985
755
288
913
976
79
521
786
242
420
951
761
183
450
369
109
22
281
442
815
587
752
775
660
892
218
925
966
971
879
952
956
634
239
558
609
8
78
85
250
189
35
701
372
175
760
171
888
731
303
702
317
745
166
978
636
384
592
292
355
470
243
310
794
482
868
93
180
636
178
120
825
904
822
888
79
581
749
657
312
52
359
319
797
525
296
123
910
888
415
955
48
658
264
842
830
822
935
9
457
803
129
973
397
641
550
476
913
298
823
915
350
181
233
838
397
220
651
997
107
65
951
846
413
905
688
933
726
312
632
873
806
451
535
202
92
775
368
695
73
190
299
113
372
222
641
459
442
291
455
240
46
95
85
459
690
463
391
105
466
22
668
271
164
203
473
256
978
841
641
741
30
940
855
92
161
185
551
294
477
696
534
523
481
619
673
170
773
754
275
238
777
634
509
631
837
982
887
504
512
217
936
542
847
480
325
698
665
876
992
141
262
525
355
433
835
27
294
297
781
259
535
247
893
734
878
419
405
454
924
917
361
859
148
207
28
473
906
693
39
587
525
992
112
880
424
637
597
718
934
67
978
158
5
870
892
573
289
296
718
903
903
78
451
50
977
479
524
572
862
253
158
386
244
961
956
358
287
242
76
220
310
744
378
5
303
960
268
282
255
986
875
157
755
325
899
731
494
112
993
356
365
841
432
299
802
388
657
779
320
423
1000
320
166
67
325
160
718
594
442
973
269
317
821
23
332
719
444
827
831
436
873
886
277
995
184
769
72
841
547
393
264
236
713
120
995
729
280
712
322
723
374
281
730
194
305
61
603
749
578
123
876
140
8
152
135
192
611
207
724
157
600
988
84
313
107
78
732
388
480
53
801
854
334
530
739
329
281
31
769
860
155
644
1000
854
486
134
737
96
342
460
944
632
137
27
635
244
796
366
322
275
109
813
820
134
32
558
463
314
589
231
864
434
565
863
288
50
688
24
146
720
484
781
351
311
498
677
245
294
42
258
259
152
70
78
286
103
326
439
107
916
671
971
39
926
523
327
977
210
41
813
620
215
593
662
526
91
338
772
75
380
29
334
222
790
103
508
583
429
638
690
34
999
350
74
924
874
91
900
774
133
713
84
348
996
746
875
777
83
336
852
153
365
877
376
154
670
574
738
98
211
117
824
209
468
588
133
31
679
723
495
812
435
579
851
121
324
725
898
407
751
440
251
115
316
627
960
676
891
387
464
793
505
287
1
663
875
825
694
244
548
879
55
673
458
906
484
782
320
382
880
70
822
130
876
828
447
836
193
27
913
657
820
417
635
822
770
199
336
153
443
574
32
499
247
490
94
731
271
415
803
841
175
314
971
51
832
107
577
24
135
489
682
955
597
6
466
366
205
493
210
649
66
242
838
313
422
932
735
693
36
227
224
212
542
194
954
373
993
530
88
127
709
460
772
305
466
929
362
671
421
572
9
487
814
847
491
235
469
225
618
505
142
842
407
684
727
360
748
409
580
526
536
289
986
998
594
141
926
646
502
346
217
512
834
721
48
14
956
517
930
264
22
71
796
429
446
212
480
884
621
750
409
847
38
84
845
323
225
460
969
727
807
186
929
330
907
978
34
553
494
964
507
206
34
993
326
480
205
806
363
826
555
772
363
284
856
898
297
771
357
265
188
854
141
116
874
739
784
908
982
969
871
488
174
906
170
500
75
375
996
439
892
551
901
254
525
447
842
822
217
198
777
95
52
919
903
616
347
686
524
328
654
394
506
829
990
676
18
65
742
14
194
633
255
94
577
780
541
418
601
449
306
377
234
358
986
136
665
332
513
188
350
166
582
546
685
262
913
704
327
654
408
521
977
663
305
243
442
537
351
733
676
657
800
910
706
786
737
370
808
249
558
849
415
830
394
791
782
306
184
108
650
592
319
626
254
315
869
386
852
910
118
217
567
918
126
272
393
553
332
892
802
890
740
217
409
133
698
191
130
882
990
780
473
1000
96
417
314
655
803
856
565
611
72
131
218
889
93
302
442
425
193
243
4
933
150
413
756
848
294
576
419
284
46
582
283
142
999
287
487
491
142
51
792
905
873
701
793
966
2
925
80
195
859
84
818
8
188
573
547
172
840
656
456
886
238
429
27
236
406
514
418
238
256
900
142
128
600
626
785
602
240
555
487
98
640
304
798
518
878
34
690
717
690
837
292
928
956
319
855
52
523
272
290
469
862
433
288
462
749
72
63
989
627
551
87
957
545
885
164
422
919
545
829
608
71
811
226
26
129
80
769
343
42
59
502
904
182
790
365
931
862
119
919
179
360
696
135
905
270
991
17
188
535
536
487
606
347
403
322
166
483
91
509
525
841
11
428
22
491
484
953
353
293
561
222
653
257
47
557
527
37
574
406
572
110
583
868
147
986
190
313
468
972
823
683
812
524
801
834
705
284
476
57
577
36
970
920
984
17
477
511
54
741
607
317
541
189
184
688
174
64
1
332
726
514
705
227
728
505
60
432
480
226
180
747
954
149
667
937
166
834
137
912
264
744
919
806
933
793
183
797
548
184
819
273
388
523
501
115
28
251
238
508
478
418
945
431
257
611
57
114
134
195
25
399
939
634
204
872
426
387
358
974
262
177
247
650
700
438
456
418
689
694
616
857
802
561
978
58
862
35
172
997
230
888
395
168
521
289
730
948
366
779
921
628
956
858
969
345
295
424
454
675
808
69
531
609
630
199
667
182
234
530
178
154
417
263
322
939
552
743
576
918
521
496
546
166
44
204
201
29
628
655
704
435
415
926
43
735
815
400
917
48
930
94
202
37
357
214
976
909
647
241
517
167
427
753
23
471
957
916
501
584
570
895
709
675
510
442
410
324
842
326
62
462
421
955
189
468
169
164
67
816
95
584
674
522
336
387
994
292
302
184
566
563
769
274
237
970
716
647
984
247
974
46
399
84
691
588
552
860
442
309
366
537
893
730
59
919
116
743
210
109
927
466
672
385
430
599
354
145
246
28
83
910
74
172
994
765
761
235
315
893
545
371
430
127
100
179
46
216
922
947
325
538
413
687
613
843
286
658
679
222
686
452
131
450
624
815
905
74
740
219
968
284
280
87
412
380
957
148
287
568
94
302
796
197
990
408
40
966
65
409
187
751
861
8
891
174
823
796
249
562
705
907
537
986
684
639
55
640
787
342
207
881
645
2
769
324
100
809
980
166
217
166
607
768
174
498
942
687
984
190
248
688
787
475
363
470
113
419
109
900
761
6
471
95
699
239
109
800
738
88
656
645
945
262
412
809
450
353
495
433
234
434
121
711
909
484
181
22
593
981
612
354
678
82
139
376
11
940
175
439
27
831
83
663
784
495
471
233
539
967
357
463
400
168
173
308
652
44
330
936
25
633
289
703
715
118
769
417
57
635
856
776
465
630
438
939
815
909
863
43
875
219
506
965
387
370
273
729
104
293
664
129
926
643
522
331
762
982
438
509
616
984
284
771
613
412
710
428
321
572
471
886
791
668
851
177
728
814
596
832
106
260
652
32
903
864
53
354
845
491
864
460
474
838
231
778
250
631
205
261
202
366
146
683
724
997
550
451
500
145
283
607
95
625
329
689
488
382
42
333
563
596
483
36
124
714
814
374
34
709
325
236
75
471
609
489
158
158
941
658
995
914
955
89
538
283
778
25
355
511
48
918
797
532
955
921
936
458
985
971
167
309
206
933
471
506
111
319
354
51
667
348
655
622
128
883
905
596
909
260
797
647
177
594
178
822
204
114
971
189
84
137
188
981
760
349
176
871
668
531
613
335
879
267
957
697
841
551
293
439
501
89
85
369
683
264
881
888
68
851
767
843
678
645
513
127
995
690
999
662
220
301
687
789
258
333
486
98
575
779
537
75
558
623
134
932
577
15
819
335
866
275
177
234
920
690
361
914
69
359
266
289
350
953
769
609
977
254
707
551
723
244
316
280
557
451
211
133
466
720
468
21
685
335
255
605
715
307
208
785
666
164
764
707
808
222
315
784
476
712
24
889
646
340
169
202
791
70
25
947
481
183
659
165
518
604
460
924
911
359
708
267
523
161
974
330
384
979
804
550
690
828
439
336
168
298
538
649
58
254
286
539
437
635
395
956
238
545
569
840
904
276
106
427
127
770
447
201
748
251
752
127
78
881
463
937
178
692
276
927
946
562
466
382
196
551
27
124
95
596
964
1000
562
760
116
380
529
563
581
967
814
22
94
583
903
247
519
771
939
795
698
574
46
854
957
933
404
674
57
189
961
711
188
212
161
995
592
690
558
173
347
61
886
131
644
789
378
854
249
317
338
947
891
75
800
537
7
894
902
755
83
862
156
962
73
317
957
356
697
514
219
43
265
104
174
600
583
243
453
833
560
481
779
140
556
269
368
254
162
269
699
245
821
855
207
894
171
163
940
869
367
158
602
632
263
467
231
846
710
374
368
960
546
147
99
792
416
157
45
268
426
435
204
246
289
101
831
461
264
770
19
321
619
621
643
572
778
875
107
487
939
476
446
484
313
236
276
419
393
11
687
510
446
891
446
426
992
967
887
946
427
596
957
45
907
600
617
685
164
414
171
102
890
308
277
202
234
243
621
317
254
999
827
391
579
273
817
261
930
393
206
356
989
854
401
585
453
708
269
617
122
131
409
11
129
686
905
363
929
215
680
874
213
197
955
483
160
771
744
89
854
640
446
532
493
537
116
946
245
76
252
57
207
352
759
336
37
663
389
657
569
68
220
782
265
174
955
425
635
698
515
178
338
651
710
831
187
516
467
122
592
409
179
489
761
939
825
489
291
213
836
860
973
746
332
237
920
286
353
244
675
558
422
12
208
131
533
85
647
690
208
930
790
387
418
240
15
243
419
307
146
254
857
809
1000
879
737
609
856
89
853
530
337
965
542
235
95
765
320
433
145
528
362
935
606
780
174
621
713
594
618
550
538
165
358
228
43
94
527
899
874
380
428
901
344
660
135
130
115
456
253
260
984
305
194
279
775
58
901
178
652
208
728
881
373
776
108
107
561
635
5
124
705
124
25
740
474
160
560
589
616
813
539
290
808
733
569
582
792
159
760
133
58
177
704
431
644
502
538
204
137
234
18
532
48
43
962
212
895
521
802
200
23
340
180
521
764
750
103
245
599
553
68
657
731
773
779
64
274
6
268
101
240
977
324
979
20
285
191
605
497
683
805
210
713
986
732
166
425
525
411
714
768
480
371
498
943
149
252
907
846
210
8
86
187
332
755
898
307
636
502
494
318
997
705
722
982
126
888
96
341
990
811
108
159
872
297
101
20
549
7
556
760
706
642
947
728
87
534
35
723
35
529
732
31
924
453
704
49
30
800
80
19
300
189
869
171
486
970
882
34
668
438
794
63
770
430
792
857
964
517
270
689
45
1
721
660
144
114
399
174
604
480
885
905
669
753
75
154
413
648
188
771
85
673
834
855
793
315
402
757
832
672
445
878
363
856
227
507
660
626
371
264
796
255
859
464
699
624
308
802
271
187
572
356
860
95
902
342
411
303
98
242
665
234
810
27
780
36
534
130
353
595
394
148
851
943
303
239
566
611
40
838
798
612
884
347
707
785
690
808
778
478
50
442
402
860
159
873
587
383
2
630
979
86
778
519
28
80
758
594
382
798
121
870
409
5
217
806
480
597
614
949
765
354
390
167
904
240
730
490
623
732
119
601
508
588
119
536
358
877
820
740
364
942
610
773
637
517
269
807
113
573
755
568
617
836
425
520
75
154
701
388
576
820
990
83
97
799
619
456
366
129
886
730
761
495
193
397
702
462
894
505
725
649
73
341
174
498
861
940
653
561
327
228
71
316
2
168
806
621
314
171
750
200
901
200
385
93
597
87
245
181
592
970
830
665
0
694
163
862
633
506
112
960
424
874
967
426
42
772
738
46
943
177
246
843
378
632
627
665
719
872
846
0
842
365
666
842
58
519
393
691
715
196
341
829
69
307
946
802
769
683
849
711
550
94
243
928
416
870
283
825
432
819
826
964
184
181
495
933
390
889
314
104
775
655
623
844
652
568
646
420
250
184
821
491
278
754
108
385
624
391
900
746
210
725
709
84
596
203
16
986
782
20
780
556
675
93
400
16
661
736
436
912
920
947
92
888
701
200
272
14
592
172
760
492
587
468
576
874
361
282
549
143
303
19
699
668
112
789
375
773
524
501
374
443
448
466
21
148
667
293
853
949
155
612
130
433
770
396
997
130
678
545
273
671
254
663
29
366
451
404
830
666
905
203
799
352
360
820
190
717
804
42
665
959
344
795
81
113
881
768
935
558
313
898
920
257
250
639
624
702
42
453
57
637
346
856
680
706
676
870
422
479
603
777
127
947
261
900
751
141
667
375
390
670
963
1000
928
213
638
551
605
680
694
662
6
730
517
686
436
192
556
548
361
849
325
489
485
276
388
926
418
54
300
498
725
263
497
342
166
825
583
771
504
276
432
200
696
949
887
131
832
132
370
192
981
385
681
155
661
759
81
769
814
71
957
228
24
453
260
190
277
843
961
471
809
82
362
504
31
248
326
863
380
696
54
50
80
426
205
431
184
977
891
688
48
847
606
763
991
866
644
958
398
294
119
206
377
481
401
408
729
727
961
799
422
705
849
192
821
744
313
696
721
203
383
459
741
680
912
731
545
555
688
634
850
497
840
226
978
240
324
706
657
975
194
78
369
42
961
190
787
274
886
197
167
959
346
908
638
257
328
874
503
707
507
352
203
36
268
181
968
282
577
624
256
772
393
315
504
353
505
981
317
80
177
175
39
213
773
367
471
101
240
974
808
437
15
10
474
974
882
441
255
149
755
201
921
147
516
424
191
712
95
508
792
963
373
521
176
146
889
337
247
819
0
745
256
15
445
420
989
17
861
934
166
615
134
777
453
340
891
644
51
986
842
534
949
215
54
124
361
633
151
298
452
151
733
398
857
868
818
845
885
368
468
50
673
292
827
125
632
718
769
374
393
611
908
341
516
652
155
567
285
306
865
427
457
287
825
313
154
642
848
39
9
315
780
682
607
297
498
930
705
266
303
97
567
210
439
82
862
594
649
837
591
203
954
47
490
778
361
335
109
899
374
118
905
844
491
511
140
679
440
845
635
433
633
202
643
762
975
195
45
314
722
636
207
676
684
698
143
735
723
253
323
787
61
227
630
242
739
461
921
869
996
556
302
628
448
635
389
422
520
435
426
242
761
634
608
134
21
751
869
744
3
883
530
65
109
850
307
538
310
228
97
997
474
399
624
922
724
704
33
244
829
460
176
589
784
784
724
805
534
282
238
538
164
768
293
274
307
600
812
618
518
909
304
682
998
928
603
412
321
327
346
149
477
522
429
260
305
152
755
529
124
993
66
289
450
49
253
757
650
755
64
858
354
368
540
41
987
833
453
307
159
799
147
326
10
576
586
5
418
30
535
542
22
291
521
162
341
464
920
681
219
674
538
573
733
768
304
719
291
448
716
140
246
863
467
948
128
743
953
236
774
177
779
796
469
990
959
810
454
568
180
363
241
408
626
664
176
930
382
467
377
789
607
314
341
764
261
470
507
904
706
280
81
174
75
240
855
724
740
999
291
920
361
223
327
987
887
193
916
960
350
984
748
648
297
779
411
248
248
918
842
645
197
613
509
964
853
53
377
592
51
359
511
412
582
529
88
158
722
695
808
72
678
245
410
665
24
821
603
963
739
444
297
626
57
807
279
600
860
657
192
602
15
393
704
287
922
793
445
334
487
944
96
855
188
506
209
212
326
812
175
755
946
472
71
693
969
350
293
519
697
175
120
712
568
824
999
180
306
134
514
793
77
300
337
956
806
546
168
822
47
33
267
994
195
338
376
164
378
359
373
75
534
493
477
793
6
166
973
313
991
176
796
758
476
133
713
281
679
881
793
727
604
59
410
800
87
476
654
466
836
26
231
369
519
398
161
215
564
824
528
554
1000
324
311
475
147
24
446
826
595
239
242
199
989
342
689
76
509
342
232
344
368
463
403
577
861
255
792
115
78
10
359
769
24
671
243
171
385
380
687
670
619
620
559
297
962
247
373
470
279
605
504
647
758
908
914
309
162
396
424
931
406
783
699
430
143
633
601
218
12
287
889
321
907
447
618
559
385
992
719
664
286
223
1
735
821
605
43
673
0
157
603
406
630
993
526
774
625
126
992
327
104
570
648
701
708
956
950
92
637
359
446
924
272
137
658
92
433
391
455
433
548
748
530
177
740
55
641
54
873
323
381
667
893
719
367
600
365
7
382
1
366
519
615
328
346
272
420
779
353
875
212
591
622
432
769
52
487
99
106
359
422
178
716
5
587
774
295
952
781
368
954
837
577
568
164
923
531
274
392
884
839
294
475
150
726
934
202
212
723
1000
262
145
177
668
841
454
441
135
406
221
193
359
748
770
617
602
383
147
876
775
722
714
68
887
555
794
510
447
696
232
446
648
67
313
316
908
768
757
734
173
669
927
222
106
697
839
709
79
987
274
544
398
679
612
284
233
95
794
680
481
716
817
820
784
129
135
691
587
582
114
450
941
41
672
47
428
201
446
197
878
720
741
275
398
42
249
631
828
733
1
308
448
818
127
231
637
953
613
915
225
727
364
165
458
727
903
576
618
38
773
495
759
203
460
847
245
709
168
72
131
169
71
579
677
889
811
313
532
113
227
757
530
282
612
989
699
205
564
316
243
337
811
692
230
961
539
476
359
707
238
490
566
1000
68
242
889
569
245
110
682
163
867
212
445
168
891
143
373
454
459
307
481
960
999
712
920
227
878
969
624
806
458
189
806
526
121
384
95
367
494
467
530
50
369
665
218
259
808
282
404
957
589
885
606
277
286
215
505
163
183
819
970
641
8
465
166
820
849
952
186
32
109
406
82
478
70
300
738
568
582
141
524
861
716
129
138
2
344
333
856
217
151
825
858
850
980
715
360
828
666
236
860
465
643
632
944
713
933
371
281
204
202
495
65
918
315
894
920
349
917
466
567
758
981
424
298
961
138
658
478
495
894
338
960
536
660
593
940
592
964
911
487
165
95
242
83
410
135
693
760
742
158
326
499
139
440
797
790
269
454
267
454
38
295
413
574
956
697
203
547
660
804
724
516
900
966
599
309
791
982
759
532
831
84
31
660
215
518
449
484
663
716
938
701
11
40
965
657
427
168
203
87
972
618
603
871
583
892
871
374
563
629
596
393
404
317
743
619
836
191
793
498
598
420
889
609
150
853
265
578
711
158
355
373
466
648
934
49
539
804
113
792
123
709
185
527
26
928
836
862
810
318
49
407
738
628
706
578
480
661
155
191
819
510
564
285
848
187
24
386
992
137
869
114
536
53
331
562
671
166
113
170
484
853
577
912
480
282
489
961
943
335
842
452
535
95
427
383
282
141
459
964
278
327
768
504
70
98
66
432
955
870
602
128
723
179
39
202
151
219
853
785
554
384
927
88
169
43
161
142
184
621
105
152
948
874
656
18
662
722
140
307
282
742
435
4
611
165
897
453
74
440
237
628
514
854
406
684
897
568
826
80
879
621
232
516
494
888
224
847
300
364
153
582
106
278
276
717
443
863
860
517
993
96
835
507
950
932
190
846
499
706
616
67
326
848
583
511
426
808
357
726
171
200
998
968
478
964
375
922
826
234
128
819
331
964
15
971
895
896
507
83
601
122
841
617
971
423
127
396
921
174
812
92
374
809
750
853
772
124
464
287
359
592
105
380
245
811
40
139
706
547
913
306
360
753
924
20
867
741
416
787
916
918
569
289
416
319
832
187
443
295
164
492
578
961
562
823
771
603
963
477
840
565
473
199
318
86
219
184
828
325
971
433
242
230
412
658
549
244
535
682
229
700
174
807
660
736
630
430
28
282
597
869
847
70
67
855
156
287
38
674
612
700
106
545
620
519
202
168
763
738
850
682
127
714
489
787
140
118
907
168
400
504
36
937
264
104
792
110
81
520
785
693
910
891
237
529
99
130
697
552
558
237
234
685
951
723
471
90
841
67
259
931
261
295
867
525
89
658
326
170
178
110
864
87
691
791
617
791
611
3
342
168
240
576
853
191
989
13
972
519
81
230
449
32
216
6
248
305
664
574
476
532
684
29
310
374
510
617
164
121
620
197
980
551
463
833
432
452
846
403
971
617
324
110
650
230
116
898
225
470
471
391
693
154
110
2
218
621
309
73
432
619
270
411
169
733
934
601
875
780
695
846
86
709
646
736
939
762
633
854
231
794
245
924
638
355
616
857
666
925
930
97
544
890
199
403
312
132
4
187
602
389
723
689
788
368
114
416
129
748
269
50
231
514
665
870
870
280
726
535
896
345
323
129
234
212
532
236
34
226
423
327
615
836
706
402
894
820
508
713
257
778
764
489
291
118
358
851
398
774
76
984
118
89
112
42
301
645
278
25
871
392
352
176
918
57
268
812
568
777
524
825
554
978
313
535
95
361
386
184
134
462
167
943
241
280
985
542
615
954
257
175
35
610
41
953
357
310
454
925
777
979
750
20
646
753
555
742
114
631
926
939
783
783
882
23
753
556
255
367
199
513
543
234
122
274
878
169
584
21
94
50
1000
534
70
646
977
626
77
781
947
2
720
730
475
291
753
228
847
8
285
46
211
518
971
333
793
538
192
376
560
977
427
249
200
187
585
177
813
662
958
450
354
677
179
830
968
622
748
505
320
32
241
531
551
902
554
343
440
747
409
690
723
836
939
614
23
214
791
526
876
748
976
921
115
845
750
773
467
187
968
787
219
208
8
770
801
562
112
240
999
522
620
412
47
248
25
761
462
816
978
338
253
643
949
368
488
388
832
645
575
799
121
794
698
129
254
498
692
366
428
690
578
47
101
316
295
817
76
758
632
744
786
886
387
424
944
875
812
775
209
386
574
330
179
271
460
433
459
842
490
887
221
758
934
13
73
919
830
841
366
462
274
842
37
661
265
981
225
76
446
434
462
710
765
332
671
915
455
129
446
945
15
667
393
639
680
466
557
200
997
924
352
271
765
389
622
30
59
848
106
505
972
259
214
426
591
885
340
45
13
476
681
719
143
73
357
513
229
915
713
917
838
64
878
292
143
499
12
203
36
810
708
8
68
613
434
349
497
465
394
201
941
765
920
83
838
277
287
758
882
1000
674
409
755
551
701
588
740
404
791
777
213
189
785
281
802
909
630
989
373
714
880
314
479
490
87
6
767
374
454
338
64
127
747
509
368
137
96
799
541
888
575
754
767
49
725
258
958
44
246
331
759
817
335
928
306
422
624
763
487
78
100
551
896
847
750
955
984
846
753
215
423
17
969
189
66
384
447
714
428
384
44
877
200
69
494
196
492
118
959
979
887
58
219
472
595
969
426
578
814
869
793
237
576
452
116
332
836
254
46
954
638
781
831
528
851
324
724
32
132
682
701
709
430
920
181
24
578
297
602
391
857
85
318
432
227
125
455
753
379
501
706
16
972
226
234
512
241
958
544
373
329
244
773
759
854
954
783
431
941
74
513
797
850
831
920
76
646
374
519
24
565
225
731
536
451
965
48
692
922
282
756
941
217
528
699
70
171
481
502
111
556
14
599
95
535
518
172
181
582
691
896
146
606
627
372
748
591
110
129
203
393
575
143
610
793
843
680
964
13
872
766
259
886
54
355
111
572
527
983
844
908
878
990
204
504
361
952
786
472
80
989
555
656
822
164
138
664
534
102
368
96
558
627
982
612
982
783
874
198
765
717
797
643
706
0
837
757
952
622
919
722
610
473
67
432
327
206
786
552
999
153
648
556
471
319
858
452
102
731
341
867
447
137
199
843
137
36
289
779
658
208
500
959
371
568
80
699
464
556
