576
245
947
84
212
892
214
41
680
441
538
262
824
84
72
898
311
635
927
732
150
982
270
855
298
956
757
643
306
420
618
882
355
254
656
257
146
560
299
516
692
527
778
515
611
540
412
612
174
28
344
14
700
304
559
999
950
5
331
255
425
949
827
781
202
172
728
38
732
26
554
423
553
331
628
855
561
730
466
425
759
500
440
458
804
689
146
753
695
477
7
119
425
524
590
318
696
318
46
118
34
601
231
278
622
860
132
183
589
598
608
37
98
738
496
592
427
332
345
121
810
42
931
925
567
211
933
953
529
980
761
253
580
993
531
892
852
353
765
130
952
63
168
740
801
664
331
918
686
366
38
495
409
660
110
666
871
42
308
399
21
69
342
291
61
874
874
603
226
638
733
868
701
901
297
192
254
319
109
941
685
839
125
784
498
926
139
368
969
448
457
680
517
799
662
268
362
225
871
279
553
603
146
945
194
134
136
448
453
936
388
828
774
204
612
962
129
751
19
788
889
166
468
95
656
820
363
17
44
924
296
597
527
133
231
721
267
367
859
720
303
247
547
767
141
849
419
270
290
438
58
178
605
216
274
951
726
327
658
460
251
955
56
468
778
288
188
735
345
46
144
338
984
381
796
815
230
214
776
520
342
524
388
947
740
352
587
155
680
245
615
621
890
671
88
667
649
276
91
685
12
235
22
687
616
508
191
846
722
967
55
64
490
134
701
229
176
288
74
856
223
689
476
112
50
564
469
389
530
560
73
233
795
787
610
410
294
801
947
707
768
692
771
257
826
161
177
693
139
251
548
362
941
715
474
991
969
943
379
189
502
143
422
987
930
31
397
914
832
33
620
289
725
80
547
241
242
414
934
71
665
171
434
295
886
598
976
545
231
355
734
733
188
846
410
117
877
807
721
398
530
341
378
254
111
925
185
43
28
118
115
693
981
549
679
556
837
654
100
67
699
524
491
887
369
901
694
245
397
415
334
927
446
712
180
557
326
56
601
354
174
716
737
154
955
415
401
791
760
501
859
458
25
349
35
394
940
729
330
336
834
354
262
279
756
132
527
81
188
818
125
53
223
862
898
177
968
298
658
727
800
206
875
515
245
910
599
184
329
619
520
162
973
472
132
418
605
659
499
483
476
314
536
699
176
434
566
834
732
223
560
221
120
124
426
365
34
25
240
363
334
450
215
998
923
347
415
217
5
605
700
171
919
236
560
785
360
125
618
782
39
868
694
159
993
119
214
717
835
454
79
169
905
294
857
517
332
271
734
337
876
433
199
795
359
759
579
409
575
888
191
614
755
885
463
437
694
677
153
529
822
923
388
726
217
935
933
239
205
666
576
772
789
465
566
148
224
835
557
799
722
438
102
167
322
565
604
707
932
758
926
753
680
3
168
587
938
100
826
142
766
92
914
555
557
169
393
471
695
640
960
106
78
61
273
90
316
568
797
248
325
722
691
695
725
550
973
662
650
798
495
106
580
98
351
828
268
434
298
653
73
949
759
151
700
723
242
16
290
38
955
615
761
335
1000
175
885
972
838
535
460
22
331
39
120
372
867
78
806
856
731
879
804
180
721
193
903
963
900
192
691
544
497
141
880
496
317
764
468
845
989
928
867
9
657
677
381
524
756
186
69
176
756
563
356
476
756
258
438
656
140
819
199
637
961
769
133
968
533
291
812
211
909
368
221
255
44
602
779
800
479
848
667
234
410
22
400
857
972
528
202
111
346
91
749
997
861
572
964
83
553
465
294
151
833
205
406
568
498
876
57
977
413
724
901
514
747
300
370
408
828
572
519
864
353
958
861
213
219
824
296
772
980
281
613
812
486
19
379
984
585
437
960
998
851
550
511
287
540
571
695
367
833
214
922
186
862
782
399
81
295
386
543
274
667
156
777
152
866
846
827
140
973
476
137
824
26
339
110
566
600
806
624
123
710
545
309
571
16
398
342
311
474
886
276
140
732
743
984
287
588
810
117
561
285
254
74
1
283
875
258
574
680
882
697
79
116
696
341
132
93
373
133
568
949
99
398
680
842
71
657
120
881
774
371
857
719
445
858
692
319
115
265
690
687
652
459
803
347
490
625
441
864
449
699
812
238
787
492
80
859
839
891
739
303
261
285
21
396
143
403
405
949
359
785
636
10
244
128
358
734
444
489
597
893
187
409
130
974
591
901
832
119
791
261
422
742
546
133
137
379
227
233
328
586
17
654
596
952
782
954
376
225
442
663
808
319
762
629
984
42
529
815
162
10
766
274
442
2
98
