668
713
261
997
456
290
996
48
182
193
766
313
453
2
831
191
796
76
416
435
584
47
844
402
46
972
89
91
910
363
218
268
766
170
955
221
460
640
269
642
833
725
955
977
727
475
167
523
241
583
958
826
320
491
918
366
152
697
147
753
59
56
20
515
226
665
736
686
304
695
17
828
419
662
804
146
827
971
359
67
243
6
583
563
187
190
619
30
887
767
783
636
823
493
150
739
157
576
424
151
270
131
979
380
483
472
216
309
442
575
66
375
271
650
938
458
530
557
488
417
13
961
743
526
453
584
264
300
159
378
452
120
509
120
500
682
593
716
991
725
981
56
100
251
396
37
709
927
284
888
33
297
848
466
513
992
49
777
982
900
154
123
19
353
244
209
34
527
925
715
251
905
462
351
155
858
79
554
474
363
131
197
351
670
664
864
661
713
331
332
612
175
456
321
219
390
530
944
917
454
659
167
48
120
209
894
668
288
138
833
341
269
29
382
939
383
937
289
96
267
312
398
132
768
720
351
157
249
295
764
394
954
621
132
764
520
26
121
808
164
954
840
123
674
912
62
56
848
41
152
805
353
241
938
811
651
979
658
590
273
421
984
917
733
807
680
252
833
492
751
687
445
590
810
809
191
562
866
39
294
708
844
337
949
471
148
599
450
806
880
723
918
863
330
650
669
700
592
191
191
342
568
327
622
68
135
814
320
0
543
614
399
386
952
37
548
790
327
998
595
206
410
202
68
740
542
428
440
134
309
321
166
878
648
479
636
784
292
956
474
835
570
873
911
211
911
148
0
237
145
285
443
556
178
201
986
720
319
115
544
319
437
711
887
84
189
522
558
171
477
32
696
737
595
296
948
505
445
638
432
590
614
875
836
792
767
512
201
776
627
746
94
63
456
981
839
335
502
396
506
670
118
892
406
714
187
44
909
632
682
341
913
986
906
438
777
672
950
979
448
577
724
232
330
870
213
168
895
405
255
400
74
373
982
481
86
168
215
996
491
897
336
403
573
932
841
349
294
791
17
742
57
431
664
387
991
877
246
885
973
501
975
46
874
956
217
651
124
432
336
615
19
362
708
592
293
548
631
587
28
339
18
776
460
683
854
451
249
99
335
221
290
0
268
854
956
175
504
770
608
530
74
627
892
782
909
185
20
539
462
739
568
481
515
28
163
368
479
102
157
504
324
447
504
282
300
150
457
495
920
64
24
685
381
917
466
289
792
176
519
253
916
86
734
430
114
587
798
283
690
955
788
704
91
982
986
391
822
442
576
742
507
601
426
888
207
582
868
689
759
386
942
364
472
366
794
277
643
281
560
332
926
347
35
16
19
711
97
841
153
364
272
350
965
388
928
862
971
795
550
419
180
181
783
343
237
266
620
881
237
179
212
162
217
939
869
236
649
656
767
492
19
39
842
674
427
770
225
87
564
775
196
435
647
669
778
884
625
87
764
862
266
667
714
173
295
272
99
944
929
867
126
948
596
968
622
22
737
537
801
992
2
687
426
649
46
894
222
671
981
987
533
937
343
937
801
638
209
900
271
137
766
397
775
361
365
86
74
792
624
565
783
626
251
899
274
297
482
186
969
152
172
191
780
205
818
580
843
26
479
114
854
936
201
629
296
256
405
60
48
28
625
521
654
877
110
618
864
282
805
522
435
667
403
214
873
221
794
405
938
963
519
792
898
411
110
885
667
515
945
405
544
570
617
888
136
727
506
690
8
0
212
133
667
305
37
229
526
831
635
464
794
844
946
381
254
746
265
612
260
210
16
494
470
633
382
606
49
578
986
749
578
197
882
935
193
920
164
719
440
799
873
924
332
508
305
587
253
260
198
514
470
905
698
940
228
79
235
277
657
912
716
925
799
288
550
992
207
714
711
337
202
273
952
224
782
947
811
725
206
699
929
367
294
627
997
522
706
232
489
53
143
205
668
942
493
217
624
390
621
334
417
823
297
368
738
78
314
548
494
211
938
422
578
231
48
574
443
445
496
932
498
329
136
165
962
629
73
585
709
694
919
126
207
906
494
945
675
499
182
168
710
119
590
287
40
639
861
483
83
47
415
271
376
241
126
337
561
199
922
269
894
530
395
100
436
580
44
110
78
226
278
478
36
868
765
76
196
315
250
970
362
355
240
739
286
367
766
847
566
688
807
459
217
201
249
653
471
293
453
549
210
731
717
937
289
481
12
485
487
953
145
539
998
385
968
284
442
734
130
8
421
937
157
328
829
97
672
990
80
124
229
290
546
946
226
525
427
930
700
604
572
845
142
570
921
110
854
362
534
674
60
645
301
218
973
820
315
334
809
395
149
37
376
695
984
292
219
100
912
609
394
484
454
536
744
374
336
597
736
870
961
797
514
952
705
177
771
710
201
270
795
350
307
861
735
981
153
644
771
64
253
164
238
707
391
982
771
727
268
506
287
920
993
491
871
387
358
332
787
560
602
582
910
599
132
335
270
285
979
40
40
231
205
969
628
596
951
398
12
909
595
990
828
277
481
389
665
839
721
451
398
322
723
999
611
856
333
881
831
1
922
561
233
817
530
551
102
170
640
114
78
925
104
597
201
275
986
866
113
706
7
202
718
730
200
328
275
223
209
106
224
130
667
147
637
196
699
739
56
28
853
826
953
647
422
153
922
97
710
35
493
407
928
210
136
818
228
412
40
437
208
264
257
875
102
894
762
491
632
818
519
175
643
471
822
755
314
434
542
714
159
34
120
86
935
948
904
163
359
944
290
567
898
238
131
690
822
893
180
144
401
699
319
734
860
831
179
865
264
721
578
423
446
389
199
380
336
102
233
695
736
524
952
324
452
773
13
273
666
194
107
66
583
116
490
443
948
669
998
902
390
575
15
836
654
214
906
990
7
139
374
743
353
325
66
805
98
80
768
454
965
876
210
547
992
700
990
629
59
677
221
449
943
236
975
596
140
880
586
147
18
960
891
61
976
647
866
764
417
324
908
381
890
117
929
881
507
608
200
566
285
421
705
227
347
679
823
487
559
98
635
267
749
215
329
724
862
885
177
279
208
84
660
788
892
278
669
398
887
559
655
171
980
359
88
16
729
601
503
978
700
828
244
448
42
263
862
595
148
38
874
46
813
223
835
704
502
193
792
78
442
136
940
111
496
27
127
915
318
630
892
708
458
826
846
190
89
707
785
928
435
348
664
247
572
498
641
764
381
123
842
823
259
471
934
445
188
751
359
506
71
250
214
219
76
59
409
856
457
194
783
582
542
446
830
804
635
160
567
15
283
98
529
543
569
152
678
757
904
37
954
665
978
858
884
53
917
292
909
63
176
381
646
719
828
165
212
462
325
470
167
299
568
386
532
828
229
209
274
823
246
227
487
224
84
370
968
692
662
567
445
839
948
90
247
775
946
459
927
271
929
785
260
187
170
792
14
399
0
979
221
938
206
708
852
981
768
819
362
430
385
808
959
333
588
896
798
534
44
415
495
974
890
755
851
59
236
555
149
927
533
60
864
429
459
715
410
226
224
462
346
609
269
995
632
858
890
120
391
935
225
576
598
114
330
448
173
566
2
12
492
225
764
46
655
222
451
755
138
675
216
485
975
176
169
606
724
750
416
114
684
641
380
972
755
710
109
619
966
111
321
147
336
84
884
681
306
335
435
135
9
342
310
984
518
479
280
241
228
696
45
602
27
425
263
472
825
372
90
790
483
102
627
510
186
511
190
183
846
316
318
545
658
628
529
175
797
499
416
716
885
151
317
912
576
581
384
400
953
164
880
126
957
506
326
143
16
206
326
552
522
334
97
870
652
316
44
448
505
150
163
389
301
171
992
877
442
65
967
84
920
846
901
877
42
226
19
58
123
35
301
335
59
88
205
711
404
249
849
599
90
12
988
391
874
979
959
315
734
615
399
654
461
300
530
503
216
239
251
339
274
242
675
23
330
570
734
424
819
272
22
909
975
701
991
848
369
639
853
103
253
252
757
714
242
977
907
148
215
849
178
179
90
543
202
111
112
626
535
621
898
248
220
873
949
210
410
317
849
263
420
792
205
867
196
137
843
102
976
748
641
153
927
422
386
819
533
498
134
758
810
32
5
29
595
644
930
695
652
468
958
762
259
853
629
455
990
161
248
966
910
889
809
526
0
195
345
533
383
479
982
192
201
677
912
486
321
841
872
973
308
519
734
258
372
52
713
51
214
961
707
814
540
206
339
540
91
374
764
474
544
745
357
435
421
959
612
432
800
483
94
798
692
519
55
63
571
459
806
475
109
202
288
649
408
318
189
499
382
643
664
926
387
20
51
498
979
663
621
468
836
715
957
527
233
702
281
805
160
86
970
270
288
258
609
387
266
488
886
648
130
549
264
517
259
5
706
929
668
326
86
193
40
42
720
965
435
691
459
285
777
428
555
756
376
855
833
642
342
718
981
473
958
935
680
907
940
385
835
297
401
612
490
132
654
900
96
779
591
555
64
57
983
309
503
359
163
335
691
506
744
361
979
391
295
348
297
925
734
132
221
825
744
401
957
87
992
52
557
582
607
621
329
280
930
833
639
784
858
19
289
601
381
958
992
366
305
980
291
729
802
202
244
235
604
200
322
595
253
569
867
550
189
195
520
810
718
158
593
576
869
572
867
940
219
549
305
214
528
286
634
329
489
878
254
783
77
266
67
20
836
934
261
24
819
781
524
227
630
807
803
188
68
359
127
287
598
432
502
816
719
826
835
898
703
88
680
470
355
747
181
190
370
442
905
188
913
429
415
232
926
908
420
995
958
547
972
555
980
163
371
388
989
205
285
381
985
655
852
339
401
32
529
771
164
123
649
767
242
755
1000
168
352
419
853
309
967
824
555
636
988
616
23
976
511
999
357
495
653
899
834
744
621
52
204
475
867
543
241
108
297
240
967
340
350
819
339
316
333
894
642
320
199
665
986
711
353
342
205
696
931
730
129
551
472
23
25
28
566
958
137
554
888
794
894
237
613
232
553
946
817
194
956
15
549
941
416
592
974
312
978
904
41
106
455
203
129
170
232
386
127
59
940
15
853
523
943
155
445
186
791
261
380
436
968
620
377
383
902
350
695
880
944
426
676
398
320
496
259
242
882
76
301
821
782
844
343
725
690
478
911
170
740
981
607
397
290
674
780
192
714
165
762
657
591
127
746
911
623
4
152
504
80
143
14
863
678
47
277
57
526
187
227
956
167
524
352
458
197
822
340
911
987
101
258
578
919
3
178
542
7
21
736
778
855
441
330
532
488
607
589
704
794
507
659
652
30
10
109
919
523
139
519
509
240
777
777
849
470
956
80
477
977
817
946
831
257
966
53
435
263
332
139
56
839
798
398
560
499
197
168
21
336
687
220
266
154
998
115
624
953
195
792
619
11
427
139
959
392
192
394
655
525
223
402
53
20
490
613
209
688
781
921
23
158
141
290
2
829
405
316
781
600
798
89
302
224
228
951
307
111
344
652
326
567
744
379
278
234
683
177
922
153
789
945
311
620
234
3
448
329
320
228
620
117
7
922
32
926
562
339
36
907
991
52
163
735
122
131
659
805
309
580
648
788
214
650
407
139
653
855
468
973
773
87
781
780
699
813
705
261
151
432
858
832
484
711
256
606
843
915
100
842
494
749
629
709
398
35
848
741
580
5
404
352
784
184
131
482
997
526
433
838
958
981
669
442
692
616
738
534
530
529
65
715
968
384
113
55
109
651
796
689
656
199
40
439
383
862
612
69
387
735
907
345
716
266
477
407
882
214
631
101
433
386
816
400
770
929
455
879
579
942
567
235
140
297
364
214
158
666
974
545
401
571
580
116
527
56
523
408
962
844
199
394
229
15
485
999
634
630
567
213
571
133
138
402
430
192
306
278
859
279
823
259
540
93
375
66
149
588
164
801
431
364
195
350
379
370
348
12
1000
605
916
571
738
744
663
858
937
969
135
795
938
648
53
168
741
118
234
581
706
399
381
827
453
576
176
522
636
214
534
636
819
140
897
556
884
559
103
510
217
929
304
845
576
47
12
7
165
938
588
871
26
969
387
479
235
563
0
871
777
224
196
595
364
92
841
939
341
634
448
248
562
753
784
829
490
796
836
656
423
113
216
449
81
604
928
6
857
928
568
324
152
764
919
206
547
450
144
578
774
283
827
336
726
300
855
215
95
380
561
519
493
778
658
264
71
586
962
928
513
529
251
355
983
861
562
219
0
396
798
464
679
314
800
404
614
344
310
399
724
871
608
216
338
266
171
409
852
132
27
54
661
969
410
333
519
662
553
209
748
40
674
427
354
163
521
658
508
521
747
231
392
355
138
730
311
309
830
162
441
857
907
792
825
6
124
34
358
677
243
106
407
917
223
451
80
744
108
588
265
856
509
347
901
647
76
211
646
906
63
86
452
970
568
968
667
693
1
24
59
244
130
467
161
353
608
932
788
717
209
743
262
718
89
162
55
856
63
701
762
126
478
213
786
736
180
452
428
872
167
178
116
988
335
968
341
943
589
819
349
798
561
611
205
340
463
260
195
526
652
647
342
820
861
819
555
731
961
674
293
127
542
99
115
567
66
146
509
345
965
549
142
215
159
347
555
313
298
440
529
640
87
562
459
638
380
704
58
340
67
351
468
609
450
273
175
206
419
375
551
73
924
693
979
773
731
533
85
28
973
305
668
750
867
817
387
246
520
446
586
588
797
744
887
938
16
62
143
125
127
695
889
50
77
867
513
808
399
599
526
62
594
884
812
460
700
890
396
911
335
672
498
822
416
74
759
122
827
593
939
954
287
827
694
54
694
207
553
783
496
769
535
89
653
37
239
352
927
325
262
952
997
450
773
102
525
222
225
41
815
854
996
792
680
379
846
63
586
88
847
772
858
381
861
510
108
790
862
34
114
815
986
111
955
449
213
169
671
128
211
485
672
897
276
352
275
812
415
552
901
952
323
758
23
875
267
131
664
819
857
779
323
842
580
278
981
483
447
651
302
348
135
974
244
101
325
210
914
431
762
814
72
84
571
95
959
528
227
313
36
83
91
360
615
361
638
596
534
775
937
836
123
72
810
367
864
825
577
777
946
28
280
18
113
851
113
762
68
30
74
105
804
856
465
419
907
793
705
441
567
641
276
380
403
85
748
267
601
14
734
546
734
14
564
537
555
368
298
624
398
63
419
202
919
574
311
516
366
15
957
623
346
232
3
440
8
441
397
609
145
130
845
879
144
99
415
390
467
404
13
555
467
122
757
75
696
67
591
752
773
547
374
119
470
377
249
478
508
646
777
654
776
311
532
611
410
638
0
567
732
704
122
198
826
569
964
211
637
245
963
409
482
336
218
952
404
467
119
912
803
586
255
579
588
478
880
998
115
570
255
537
273
67
735
789
636
388
1000
272
633
652
372
806
678
280
757
81
438
567
684
240
843
939
509
430
106
388
118
912
648
373
448
921
440
873
399
766
261
88
38
584
740
100
79
418
380
527
189
508
93
563
749
626
192
257
56
298
336
174
210
984
237
348
595
367
221
684
132
172
773
861
446
202
961
526
310
31
52
500
539
836
753
287
461
945
235
517
934
261
381
834
935
618
181
219
675
402
904
808
264
366
668
711
258
319
927
569
350
669
759
889
504
511
867
655
146
792
863
79
52
243
913
677
552
93
897
226
186
490
724
450
856
82
851
804
401
777
372
441
135
821
329
639
332
886
985
168
677
847
247
419
89
159
96
331
943
683
248
819
863
662
269
408
744
810
211
835
277
584
275
412
404
295
742
426
180
726
594
548
572
531
657
351
380
443
683
323
125
621
141
988
282
100
395
717
601
297
551
878
881
827
289
975
812
30
91
682
756
685
229
17
216
577
369
286
19
742
609
836
52
441
513
334
231
909
741
522
896
292
399
776
809
379
440
310
99
531
992
546
907
221
563
813
798
622
98
507
363
398
342
415
529
856
440
760
454
871
282
349
162
371
815
661
440
254
971
540
476
653
776
382
874
338
194
361
651
983
558
704
380
901
810
909
756
249
359
209
119
331
248
973
392
62
323
833
316
985
62
482
637
838
864
200
866
748
251
516
731
809
220
801
709
29
710
154
969
759
53
778
780
301
440
171
363
764
694
370
438
756
852
74
593
406
965
149
153
215
665
574
23
575
375
423
294
775
577
953
533
631
731
2
932
170
173
986
624
558
355
752
313
897
826
597
302
480
746
456
695
100
720
409
366
94
832
660
869
98
303
91
729
33
93
351
894
958
336
208
515
381
960
518
277
476
805
580
956
550
726
651
341
445
750
707
540
581
56
98
679
359
190
98
82
974
449
977
621
785
875
826
856
834
344
132
1000
148
712
956
389
127
296
730
263
45
126
803
316
182
591
995
232
471
783
314
135
231
290
756
706
855
582
561
689
616
384
378
454
95
333
533
914
629
953
176
364
78
669
680
952
259
365
183
421
147
497
556
69
478
311
465
332
583
26
711
889
410
89
33
195
112
566
799
742
519
975
796
597
333
166
238
593
531
421
704
368
919
259
437
396
570
593
728
844
619
129
732
719
218
765
604
330
21
403
762
540
67
248
827
401
414
65
684
945
486
387
2
94
646
130
490
906
723
909
439
31
37
862
440
946
316
43
966
337
136
728
567
895
976
84
295
389
149
669
23
325
746
716
110
81
846
600
677
568
198
116
599
926
978
38
871
984
773
837
321
599
254
888
493
920
972
478
999
811
146
712
827
582
427
937
663
273
226
340
531
425
146
130
40
123
859
912
797
321
438
117
921
382
696
103
301
667
582
990
168
418
701
995
0
127
931
353
400
847
693
932
962
839
752
2
652
300
604
449
312
732
256
923
113
952
25
104
619
297
93
477
406
794
471
406
611
91
449
11
938
142
633
900
671
74
592
323
64
195
462
376
927
718
298
39
670
324
834
979
311
927
455
717
410
616
813
20
707
262
722
334
404
44
233
765
118
515
778
874
710
239
249
636
958
238
365
317
562
198
986
563
815
440
280
224
55
92
936
452
44
657
786
138
702
710
904
510
224
681
383
935
921
323
260
568
561
626
575
813
514
560
375
329
690
655
243
745
438
178
196
482
526
672
621
918
381
524
427
606
895
501
230
815
824
490
72
384
115
647
196
320
897
261
339
586
607
582
20
735
451
907
216
977
579
527
894
960
741
10
565
636
511
795
140
334
976
904
408
781
240
294
100
137
556
439
413
853
712
434
587
162
340
493
829
919
20
722
879
451
732
133
777
934
619
918
267
594
511
366
64
751
660
165
888
906
294
992
448
5
425
34
858
455
528
686
374
238
97
943
689
830
766
466
453
384
73
410
668
584
776
733
334
126
588
913
722
882
594
170
578
18
895
435
473
422
121
537
350
218
169
730
738
936
195
190
319
959
291
678
232
66
410
256
883
688
168
605
569
762
465
146
470
359
272
634
782
393
861
822
301
30
551
730
966
746
610
975
394
901
652
626
658
752
883
540
129
741
144
699
193
609
535
353
969
807
987
440
890
538
261
882
568
813
611
223
248
911
197
333
812
540
649
159
982
531
699
111
963
534
500
155
142
34
198
801
532
876
931
421
413
883
302
981
385
603
203
323
204
90
656
15
320
305
865
302
526
563
103
178
96
603
333
930
327
222
420
859
97
41
971
510
924
963
180
999
566
73
321
770
854
668
475
174
663
339
476
879
592
269
57
379
872
80
308
889
302
418
438
399
459
408
599
72
370
469
70
626
542
82
85
396
750
250
260
102
279
426
981
872
695
728
250
256
809
248
144
110
666
272
200
125
680
489
197
741
959
959
56
190
40
142
276
480
82
536
272
362
962
252
924
346
981
864
602
479
111
437
589
467
709
479
282
79
659
480
820
617
128
876
497
168
708
464
338
791
1000
610
152
652
862
766
688
532
629
290
10
430
417
290
897
125
459
179
204
117
349
714
424
477
590
922
645
297
385
983
87
74
282
930
416
834
695
795
366
323
84
66
753
191
46
340
316
196
519
211
313
868
925
738
34
514
349
369
502
424
351
279
188
323
209
295
156
594
89
522
918
864
279
360
54
15
700
60
211
909
271
215
466
196
643
500
400
682
869
592
105
910
872
984
232
771
278
389
364
57
601
972
921
570
332
665
276
722
726
487
321
997
392
787
883
34
978
974
716
846
565
511
446
126
185
368
897
153
757
261
211
48
232
822
308
254
487
584
977
212
762
297
899
153
774
472
879
751
445
284
287
9
486
423
136
671
791
723
824
238
674
725
286
907
237
284
851
724
869
827
626
630
814
214
473
278
686
351
28
130
326
5
831
812
428
657
172
219
379
996
457
53
411
433
650
648
717
500
61
275
17
377
595
521
591
68
799
277
109
518
97
435
523
928
937
642
274
108
551
654
795
698
397
205
130
737
543
537
927
604
503
944
981
97
155
261
856
954
538
966
161
326
90
375
944
718
16
218
826
567
562
310
264
649
515
84
385
748
311
311
351
814
946
21
602
100
283
457
744
511
112
906
837
894
971
781
611
677
999
126
243
250
437
197
899
642
972
283
390
973
284
741
787
229
763
388
329
736
535
764
246
648
669
83
541
329
554
842
5
242
968
248
492
404
135
390
46
797
363
436
769
647
867
245
877
319
323
896
54
859
659
301
196
17
74
427
346
628
268
351
870
235
289
361
330
114
441
66
911
804
502
370
450
58
615
16
378
629
603
122
177
952
113
373
660
187
800
5
815
758
47
684
993
336
735
322
141
175
388
742
979
580
111
119
329
417
826
397
736
118
519
913
70
633
285
730
510
775
425
325
532
472
699
214
499
434
537
330
299
615
71
969
886
874
778
905
981
603
301
716
412
510
628
172
833
603
902
343
377
16
668
599
179
366
813
678
490
39
7
480
345
769
448
921
332
225
825
312
518
125
27
930
325
345
101
158
638
693
501
14
710
168
303
579
224
116
256
405
155
954
885
500
412
332
420
745
247
935
56
765
750
775
385
75
810
176
233
448
870
734
152
269
592
456
848
816
572
794
911
417
437
795
608
849
817
718
283
754
653
30
519
402
495
594
477
304
770
710
752
329
133
595
288
725
50
826
231
312
309
141
419
746
627
26
285
443
745
258
888
87
288
406
179
783
690
657
87
459
56
529
479
881
814
767
605
864
593
836
866
902
978
285
338
294
311
623
427
746
881
314
833
860
410
12
642
99
359
419
559
105
639
37
986
452
494
281
316
86
116
872
679
784
156
16
77
158
329
505
904
900
819
427
759
229
129
91
328
178
510
577
283
148
304
960
601
799
240
607
575
46
478
253
831
635
269
598
483
598
102
386
188
612
503
947
531
322
37
549
500
