0
0
1
1
2
4
6
7
7
8
9
10
11
12
13
13
15
15
16
16
16
20
21
21
22
23
25
25
25
25
27
27
30
31
31
32
33
33
34
35
35
36
40
40
40
41
41
41
42
42
42
43
45
46
46
47
48
49
51
51
52
53
53
55
55
56
57
57
59
60
60
61
62
65
65
66
67
67
67
68
71
72
74
75
75
76
77
77
78
78
79
80
80
80
82
83
83
83
85
85
88
88
89
94
94
95
95
96
98
99
100
101
101
101
102
102
103
103
105
106
106
108
110
111
111
112
115
118
118
122
122
123
123
126
128
128
128
130
130
132
132
133
135
136
137
137
137
139
139
140
141
144
145
146
146
146
147
147
149
150
150
151
152
154
157
157
158
158
158
158
159
161
163
163
168
169
172
172
173
174
176
177
178
178
180
182
182
186
186
187
187
187
188
193
193
195
198
198
199
202
202
203
204
204
205
207
208
208
209
209
210
210
210
213
214
214
215
215
216
216
216
218
218
219
220
221
221
224
224
225
226
226
227
228
230
230
233
234
235
235
236
237
239
240
241
241
242
244
245
246
247
248
249
249
249
250
251
252
254
254
257
257
257
258
258
260
264
264
266
270
270
273
278
278
279
281
281
282
282
284
285
285
285
288
289
289
291
293
293
294
295
296
296
296
297
297
298
299
300
301
301
302
304
304
304
306
306
307
307
307
309
310
311
311
313
313
314
315
316
318
318
319
320
320
322
322
323
324
325
326
327
327
327
335
335
336
337
339
340
341
342
343
344
346
350
350
351
354
355
356
356
357
357
358
359
359
359
359
360
361
362
363
364
364
365
366
366
366
366
368
369
370
370
371
372
373
375
377
377
378
379
380
382
382
383
383
383
384
384
385
386
390
390
391
391
392
393
394
395
397
397
399
399
399
401
403
403
403
405
409
409
409
410
410
411
412
413
414
414
415
417
419
420
421
421
421
422
422
423
423
428
428
428
430
432
434
435
436
436
436
438
439
441
445
446
447
449
450
450
451
452
453
454
455
458
459
459
460
461
461
461
462
462
464
465
466
466
468
468
469
469
471
471
471
472
472
473
475
475
476
477
477
478
480
480
482
485
486
487
488
489
489
490
491
494
494
495
497
498
498
499
501
504
505
506
507
508
509
509
511
514
514
515
516
516
517
519
519
520
520
523
523
526
527
527
529
529
531
531
532
533
534
535
535
536
537
538
538
542
547
548
549
549
550
553
554
555
555
556
556
558
559
560
562
562
564
564
566
567
568
568
568
568
569
570
572
573
573
578
580
580
581
583
584
585
585
586
588
592
593
595
596
599
599
600
606
607
607
608
611
611
613
613
613
614
614
616
616
617
619
619
619
620
621
623
626
626
627
630
631
633
633
634
635
635
636
636
640
641
643
644
644
645
645
647
650
652
653
654
655
657
657
659
660
660
663
663
664
664
667
667
667
668
669
669
670
670
673
673
674
674
676
677
678
678
678
678
679
679
679
679
679
680
681
681
681
682
682
682
683
685
686
687
687
687
691
691
693
693
697
698
699
699
699
699
702
702
704
705
705
705
705
706
707
708
708
710
711
711
712
714
715
716
717
718
719
721
722
723
723
728
728
728
729
731
732
733
733
734
736
737
738
739
739
741
741
742
742
742
743
744
747
748
748
750
750
750
750
752
753
754
754
754
755
755
758
759
762
762
765
767
768
768
770
773
776
776
777
778
779
781
782
782
783
785
788
788
789
789
790
790
790
792
792
793
794
794
795
795
796
800
802
803
805
805
808
808
809
809
810
810
811
811
812
812
813
813
813
815
818
818
819
820
822
822
827
829
829
830
831
832
832
833
833
833
833
834
834
834
835
835
835
836
837
838
838
841
842
842
843
844
846
846
848
849
849
850
853
855
856
858
858
862
863
864
868
869
870
870
872
872
873
874
875
875
876
877
877
877
877
878
878
879
880
880
881
882
883
883
883
884
885
885
885
886
886
888
888
889
889
890
890
890
891
892
894
894
895
896
896
897
898
900
901
901
902
903
903
904
905
907
909
909
909
911
911
912
913
915
917
918
920
921
921
922
923
925
925
926
927
928
929
931
932
933
933
933
934
934
935
935
936
936
936
937
938
938
940
941
941
942
943
944
944
945
946
947
949
950
950
951
951
952
952
953
954
954
954
955
956
956
957
957
959
959
959
960
965
966
967
968
968
969
971
971
972
976
976
976
976
977
977
980
985
986
987
989
990
990
991
992
993
994
995
995
995
995
996
996
997
