0
1
1
1
2
2
3
6
8
9
13
16
16
16
17
18
18
18
20
23
25
30
30
31
37
37
38
39
39
39
40
40
42
46
46
47
48
57
59
62
65
67
67
69
71
71
73
75
76
83
85
85
87
91
96
98
100
101
101
103
103
106
108
109
113
117
118
120
120
121
125
133
133
134
135
137
139
144
145
146
152
153
158
162
167
173
178
180
181
182
182
183
185
186
186
189
191
200
200
205
207
208
211
211
212
216
220
220
228
229
231
238
239
244
247
249
252
254
258
259
259
261
261
262
265
268
268
270
271
271
273
273
274
277
278
280
289
290
298
299
300
301
302
307
310
312
314
317
319
321
328
328
330
333
334
340
343
345
345
346
346
349
352
352
357
358
369
370
370
372
378
378
386
387
387
388
390
397
398
403
403
403
405
406
406
408
410
413
414
415
416
417
420
429
431
434
435
435
436
437
437
438
440
441
442
444
446
447
448
448
452
459
460
462
464
464
468
469
470
471
472
473
477
478
480
481
481
483
486
493
494
495
498
500
500
501
502
504
505
506
507
508
509
510
511
513
516
518
518
518
521
522
523
523
524
528
529
533
534
535
537
539
539
540
542
544
545
552
553
556
556
556
556
560
564
565
567
569
570
571
581
582
583
585
585
586
587
592
594
595
599
602
603
603
604
604
608
609
609
613
613
614
616
616
620
622
624
624
625
628
632
633
633
635
635
639
640
643
654
655
656
656
658
660
663
664
664
666
668
670
671
671
673
673
673
674
676
679
679
682
682
683
684
689
689
693
694
695
701
702
706
708
712
712
715
715
721
722
723
724
725
729
732
737
737
740
741
741
747
749
749
751
758
761
767
770
772
772
775
779
784
785
793
796
800
800
804
805
806
806
807
811
811
812
813
813
814
817
822
824
826
828
833
833
835
835
836
837
837
839
839
840
846
847
853
854
854
862
864
864
865
866
867
868
868
869
873
873
873
876
876
877
877
888
892
892
896
900
903
903
903
904
905
906
906
908
910
913
916
919
922
925
927
928
928
931
931
931
933
934
934
938
941
942
943
944
944
946
947
948
950
951
952
953
953
954
958
960
961
962
962
962
966
967
969
971
971
974
975
979
979
982
992
995
997
997
999
999
999
1000
