297
144
797
73
98
108
408
740
41
50
628
586
477
376
9
36
514
540
806
549
394
717
984
683
855
839
187
116
933
637
355
229
781
151
993
570
950
400
1000
992
450
628
267
617
3
968
654
207
197
149
756
591
866
740
273
411
268
460
217
200
97
572
119
568
724
111
828
673
201
828
354
651
455
312
958
148
279
301
355
166
450
111
758
6
541
721
417
809
872
324
699
659
897
818
226
620
619
745
983
820
572
337
160
717
649
808
865
618
109
219
784
559
330
231
255
871
953
362
369
824
687
67
482
583
575
398
893
884
142
875
393
714
902
243
430
240
51
985
858
851
204
332
99
224
563
355
786
205
717
154
28
403
913
200
986
487
599
878
61
431
443
454
836
344
698
265
585
439
941
132
289
144
154
388
368
408
743
153
613
460
308
332
863
911
222
539
87
511
106
148
943
239
603
778
584
991
733
859
429
673
681
718
817
836
796
876
934
539
28
236
689
26
258
241
937
481
780
715
992
577
863
624
816
155
401
89
145
134
948
264
497
319
672
314
845
468
880
778
6
908
704
385
625
963
626
251
443
96
966
124
363
829
749
178
674
840
268
820
974
906
774
161
915
446
475
759
914
44
226
610
642
931
995
266
893
310
208
25
406
173
149
769
692
588
638
366
428
596
876
91
191
649
252
106
94
417
865
698
461
91
998
103
21
992
59
604
993
267
629
88
131
468
548
513
56
185
879
484
781
444
265
662
93
518
768
878
625
323
576
777
414
573
880
125
255
629
729
938
897
47
25
718
515
573
230
571
758
800
745
228
243
10
891
26
218
348
905
843
671
170
619
775
433
188
590
378
818
8
315
404
55
31
121
571
604
41
141
52
841
577
280
84
587
861
801
495
900
395
27
570
255
337
35
689
525
625
757
32
634
763
126
689
794
938
950
87
980
782
139
820
358
110
594
635
661
395
129
560
790
156
821
45
493
856
424
709
170
871
431
804
633
558
183
116
495
132
204
474
914
33
985
962
143
578
596
805
973
725
54
453
572
875
188
64
420
612
463
591
172
895
84
806
142
958
612
327
781
506
802
384
230
476
346
373
53
942
868
717
357
613
860
929
487
47
683
598
349
837
879
521
421
653
16
563
611
629
890
81
825
381
465
54
857
501
118
601
443
676
7
490
288
867
418
466
604
791
63
953
627
632
473
47
284
180
300
585
499
881
666
323
261
131
68
809
632
186
99
765
552
797
254
841
353
362
306
957
844
59
599
470
381
762
208
665
942
508
250
440
388
916
454
340
737
522
839
59
398
938
824
950
734
769
790
86
821
786
733
664
535
331
825
916
783
32
271
725
230
521
855
619
126
308
649
864
830
487
923
918
424
436
868
848
895
347
624
406
824
356
69
358
377
894
965
159
616
235
574
847
756
429
155
572
737
494
435
257
981
47
174
94
174
732
632
759
79
255
164
903
301
234
951
368
818
915
527
124
149
792
661
595
220
816
167
647
309
292
904
980
30
769
73
204
500
705
653
579
650
818
171
951
742
122
8
249
36
225
373
186
16
33
471
236
539
638
884
848
621
477
517
651
245
590
545
746
985
197
14
634
14
186
274
446
308
282
696
34
508
68
911
524
102
382
451
331
710
24
870
330
501
386
671
747
977
215
182
651
103
196
976
808
382
249
254
380
222
950
415
420
17
15
634
810
397
84
141
107
108
10
127
300
86
799
46
753
13
228
404
807
114
379
615
187
318
869
567
540
818
672
650
525
688
284
25
775
58
857
572
858
557
700
157
643
498
894
396
201
812
490
8
926
559
623
112
877
181
370
107
689
41
757
904
419
40
929
885
99
475
456
957
31
155
804
365
343
697
451
545
508
631
243
433
189
556
546
65
427
606
172
115
647
930
18
757
660
638
641
759
112
787
405
835
943
208
890
285
595
340
520
102
971
453
226
159
699
462
915
125
67
87
240
404
707
950
160
366
587
491
816
389
278
911
223
911
810
112
886
404
142
406
507
803
549
733
652
248
194
567
63
952
344
304
355
50
944
516
106
530
697
612
919
665
523
833
575
332
635
461
736
778
557
933
270
105
355
923
43
239
489
107
190
833
101
546
573
44
752
369
264
138
982
182
804
504
705
378
526
340
839
952
808
85
885
77
882
930
1000
925
169
178
722
49
701
823
285
273
557
36
643
821
175
314
694
979
818
398
46
33
428
576
985
235
661
559
3
542
489
2
157
348
872
879
397
572
392
683
846
639
409
178
150
274
492
844
943
1000
932
990
723
360
255
707
285
916
957
288
148
135
982
996
483
853
564
570
424
956
943
960
285
42
828
435
316
9
278
259
699
900
939
421
950
193
819
235
799
775
213
637
910
885
632
392
427
196
652
542
842
595
501
126
327
19
561
643
28
529
592
418
119
220
839
68
103
657
994
903
431
898
539
30
782
171
112
209
367
765
751
899
49
942
25
376
651
276
709
370
496
301
788
615
211
626
683
315
974
367
217
94
264
446
125
736
307
928
945
364
692
385
263
431
17
288
497
668
254
206
37
750
197
825
364
408
141
738
723
805
104
630
899
58
767
714
794
73
642
429
438
23
504
701
455
521
679
642
880
933
848
607
683
735
122
737
143
263
164
556
758
959
877
656
16
643
370
501
406
702
620
844
725
123
234
179
335
603
822
214
536
359
821
909
94
633
335
928
586
500
173
343
458
740
1000
475
382
59
666
789
761
285
322
485
408
557
355
433
850
867
647
385
225
158
984
9
481
319
627
67
819
491
410
967
230
409
131
613
158
797
91
919
81
413
94
180
660
449
613
510
315
951
585
230
799
259
931
279
578
557
36
86
47
447
743
278
546
875
581
705
671
362
623
443
465
717
313
816
856
616
325
861
256
600
91
54
859
21
24
126
268
60
903
316
197
646
284
744
210
865
448
881
226
761
13
381
168
326
196
23
943
211
885
198
812
666
944
360
687
658
177
645
408
79
961
606
415
244
349
625
799
797
196
715
557
209
96
415
226
292
439
859
504
13
747
5
679
690
365
55
37
542
700
446
312
351
51
417
285
90
42
84
887
238
799
133
137
585
549
363
878
678
221
71
691
969
76
59
348
131
805
386
364
194
522
366
545
263
783
831
353
825
605
930
753
403
753
891
679
301
944
246
669
856
317
49
514
83
799
552
905
603
628
268
798
149
634
32
412
107
553
455
932
157
384
375
251
137
956
930
128
589
175
798
444
182
537
648
956
336
200
860
629
518
819
116
668
142
149
770
249
702
225
872
550
299
246
801
126
892
730
255
480
595
743
615
467
279
262
422
305
152
972
935
671
790
741
28
933
580
798
181
973
713
52
522
703
989
322
829
880
742
83
360
26
516
975
493
486
927
605
791
79
576
415
750
366
156
468
989
426
265
169
398
669
913
920
371
591
932
890
161
673
974
211
389
179
876
882
665
802
486
146
571
753
561
10
118
407
478
797
834
744
966
922
102
568
842
163
850
463
52
10
827
716
221
215
896
96
788
250
588
964
396
159
716
648
169
524
54
648
320
578
81
977
190
874
234
722
36
83
184
779
784
10
495
695
226
80
791
13
330
69
977
727
228
693
374
87
907
118
425
227
387
196
203
577
69
437
298
796
211
482
575
995
183
760
690
409
840
170
112
169
239
88
586
157
471
650
936
378
769
360
295
155
247
498
422
6
625
410
493
836
892
67
831
765
517
210
173
46
380
976
215
310
64
492
467
225
141
92
293
910
453
588
755
390
776
867
396
91
276
889
927
859
646
447
623
162
347
797
208
728
772
114
728
526
296
885
442
437
978
425
37
430
704
482
820
169
349
906
260
625
795
187
483
130
324
797
293
672
593
191
89
54
996
817
271
291
701
403
419
678
828
146
798
531
628
307
701
977
213
651
292
698
838
465
828
853
261
811
524
544
693
613
289
688
119
250
670
820
653
779
188
170
925
986
392
552
984
783
219
196
433
201
584
962
356
101
814
308
913
27
852
295
330
831
983
449
80
342
959
423
120
146
594
735
823
986
287
806
768
196
692
891
397
275
852
753
376
665
60
979
692
603
273
21
123
947
160
204
979
119
317
790
956
911
524
778
586
501
273
43
697
965
935
93
930
476
537
997
141
287
975
523
580
939
235
704
575
395
908
553
204
915
342
160
826
867
628
101
367
902
836
755
866
770
538
486
245
74
482
76
52
146
290
632
84
525
335
659
610
933
903
815
848
244
665
363
801
292
464
859
193
990
613
750
759
150
235
695
916
407
461
968
553
751
599
328
966
625
677
576
557
579
80
404
514
435
457
4
727
922
863
611
911
165
50
360
6
976
745
922
382
896
579
625
337
868
953
302
492
630
568
740
899
648
143
412
773
601
417
500
212
970
801
813
135
541
863
832
516
297
753
588
193
21
212
530
579
856
522
71
485
90
501
73
428
334
176
201
625
593
391
837
252
882
340
77
422
893
909
938
190
351
525
73
372
427
293
952
282
815
713
457
595
213
531
714
547
397
915
172
680
996
699
932
877
729
9
298
622
608
926
502
960
140
265
21
257
558
973
540
62
375
687
658
278
908
371
516
304
976
378
984
971
767
916
537
496
615
525
808
222
140
1000
872
280
264
894
537
512
556
767
574
932
454
231
900
361
292
415
356
267
483
339
928
250
254
154
436
559
679
934
472
819
623
343
789
577
236
16
88
793
783
662
414
927
584
3
979
876
109
334
834
592
673
761
532
618
916
968
867
284
591
338
794
213
682
582
790
918
288
568
400
71
230
504
688
814
508
666
379
617
690
212
208
53
664
741
671
269
398
537
553
680
566
36
893
247
309
373
855
597
631
255
358
861
759
46
364
957
402
434
573
92
646
472
836
309
903
506
578
300
733
822
980
989
858
563
235
857
626
90
454
256
35
812
808
484
858
862
441
951
295
704
42
942
175
568
941
77
764
209
68
496
721
738
175
268
991
410
125
306
190
579
253
225
390
60
400
939
612
531
889
908
234
621
539
100
188
169
177
952
378
936
137
98
674
312
367
664
413
492
661
603
761
914
519
150
974
919
88
275
449
667
182
373
287
411
473
165
581
341
116
959
276
945
748
950
256
805
304
669
296
965
272
747
878
481
897
541
89
676
506
538
32
689
601
320
790
74
485
370
415
292
19
381
236
767
331
182
571
325
852
557
980
814
303
547
294
890
778
383
565
283
611
288
662
902
608
452
976
783
822
80
765
841
462
0
607
483
183
868
498
725
424
477
538
417
23
522
307
491
595
562
774
205
850
436
106
147
888
773
931
399
543
695
240
4
386
537
177
259
95
675
984
519
842
211
627
555
733
934
45
327
495
820
222
35
255
18
182
833
481
803
231
24
188
161
719
574
389
897
523
484
261
196
693
103
407
319
658
830
943
704
847
128
213
759
163
468
777
345
991
258
148
912
973
336
73
691
600
152
587
122
636
539
318
18
642
415
28
990
244
971
383
781
98
596
539
261
754
5
607
744
954
445
656
926
781
419
617
380
571
894
192
897
432
510
915
764
615
943
444
859
914
827
329
702
423
868
964
176
873
260
611
827
705
957
442
175
375
58
245
636
953
437
532
74
637
136
839
251
79
282
800
683
799
128
384
221
686
37
88
248
297
699
765
692
655
207
867
720
956
111
355
908
548
577
673
875
713
511
125
482
483
615
855
281
433
930
193
809
967
281
57
955
670
512
646
14
409
203
424
365
314
779
272
553
45
635
117
758
145
934
240
318
548
785
290
672
714
173
480
681
144
227
325
814
740
661
518
148
864
942
513
869
410
476
111
455
110
228
903
947
161
833
955
400
618
244
71
331
107
241
702
251
469
717
64
899
378
272
737
932
904
941
490
3
416
601
458
216
520
51
853
371
884
808
771
191
742
532
213
850
464
605
100
933
322
856
521
390
818
257
321
722
197
812
725
303
412
874
210
622
615
62
994
188
560
454
380
993
987
593
532
450
888
322
72
209
177
283
599
686
540
611
97
428
422
822
731
524
385
941
146
1000
3
139
188
253
593
258
245
269
541
777
409
428
99
171
638
967
454
927
652
685
537
749
112
959
261
843
173
646
784
319
336
477
148
214
730
431
472
666
391
12
442
490
440
231
662
768
198
806
695
540
490
922
980
602
881
931
135
744
266
609
753
602
85
901
816
505
21
978
861
412
990
303
903
120
224
254
888
112
59
272
343
550
194
322
842
765
943
977
508
208
585
260
501
360
851
6
556
872
985
416
975
664
409
567
784
634
511
362
436
570
324
779
810
518
791
652
973
733
318
480
632
594
430
132
954
280
829
199
843
503
616
507
167
715
764
641
38
274
693
475
844
17
253
344
225
44
686
198
467
3
368
98
597
799
921
241
769
750
130
301
943
436
498
800
151
261
441
880
535
824
354
69
841
608
413
66
342
789
955
809
792
322
598
79
811
518
10
270
958
140
261
901
267
760
390
418
20
831
297
246
345
342
315
185
640
418
942
982
206
586
480
688
599
77
457
99
286
467
369
243
298
631
834
565
390
224
673
100
745
660
346
89
692
661
275
331
769
907
2
975
493
483
353
782
250
810
881
536
968
250
780
956
571
613
520
961
527
883
751
272
232
97
361
925
448
326
946
217
924
949
882
416
121
925
197
371
735
768
908
702
17
377
657
588
680
867
238
207
439
990
479
361
777
530
976
224
857
922
131
780
870
704
886
681
628
773
51
362
540
959
754
248
25
100
526
706
967
765
913
95
444
81
457
911
611
122
134
157
43
266
937
603
970
512
283
287
975
335
650
205
984
93
453
9
194
669
715
851
123
317
947
567
398
93
167
8
215
302
166
950
258
793
552
918
996
836
204
970
861
544
865
534
638
7
543
832
677
948
682
800
264
318
57
662
101
224
361
7
526
527
957
474
9
508
81
4
33
286
665
584
520
219
118
157
227
351
679
904
299
51
393
563
369
450
916
161
675
967
168
891
183
124
55
192
322
136
888
356
112
242
630
633
461
748
480
378
99
850
281
88
901
675
341
960
815
256
120
179
222
288
761
405
102
816
288
425
642
866
471
755
107
100
77
258
849
247
637
638
96
608
726
997
973
66
957
788
13
767
657
926
746
417
21
848
232
309
963
875
865
433
319
972
534
396
920
72
643
556
400
430
164
816
426
827
882
72
304
585
530
962
511
275
378
532
813
611
531
776
175
395
208
494
56
432
580
976
194
913
222
594
342
76
409
459
903
982
531
207
566
751
168
767
25
236
298
839
847
519
614
712
604
512
896
660
945
475
636
829
78
548
113
420
624
212
879
526
193
100
423
450
851
281
216
567
518
205
405
364
724
709
767
328
220
662
678
855
828
3
684
906
551
797
325
174
8
895
391
893
685
814
32
225
95
248
792
613
143
887
667
558
285
433
576
506
786
253
360
613
257
734
518
498
220
533
673
920
117
754
812
802
567
534
718
662
472
199
965
616
777
322
173
61
755
439
567
230
692
618
843
639
41
360
137
262
584
500
181
701
253
683
193
510
216
911
863
378
109
827
994
886
148
857
638
594
295
895
824
988
512
357
316
244
407
143
506
991
643
377
382
586
750
575
96
966
485
649
343
284
165
27
861
314
884
498
598
870
392
111
547
595
158
863
839
566
6
344
246
339
411
628
616
160
202
402
816
687
50
849
662
215
876
522
219
450
19
507
319
101
309
866
696
467
418
534
723
424
568
970
454
979
287
69
138
490
161
644
867
211
493
528
116
368
740
26
508
759
533
827
551
842
382
246
1000
801
471
722
915
38
691
368
708
979
127
536
158
288
180
24
189
673
243
306
731
983
22
239
432
555
756
983
87
138
228
86
629
389
808
543
428
189
602
826
858
729
51
15
708
231
39
587
594
973
893
15
956
605
945
387
160
700
59
247
528
978
23
847
367
521
390
485
710
682
310
567
100
361
582
808
283
312
395
567
284
978
582
930
583
216
6
433
917
65
370
134
43
393
982
100
914
61
585
314
743
895
881
533
946
153
341
919
465
426
486
439
93
758
369
366
975
375
799
581
131
859
405
865
942
76
965
546
137
549
860
570
133
740
103
769
583
134
688
47
250
864
487
343
621
546
710
285
611
198
866
432
748
962
296
689
37
260
234
175
499
784
435
322
214
538
91
797
362
779
845
612
332
21
956
643
257
355
929
868
243
484
300
991
445
286
370
483
237
604
348
736
388
783
58
602
11
840
398
63
308
933
676
640
644
321
282
901
676
901
459
609
385
449
290
520
735
660
2
662
263
40
398
341
514
146
633
525
986
722
588
293
654
954
623
298
274
905
889
640
806
37
249
881
486
229
400
912
889
93
573
842
824
661
183
337
497
816
552
482
537
140
465
882
784
87
870
58
683
448
388
178
486
327
58
972
556
148
573
444
932
837
286
756
497
159
92
685
665
645
166
893
475
322
774
258
99
333
6
782
781
395
960
266
412
708
929
969
547
191
412
168
27
388
924
215
547
707
900
903
41
756
795
516
77
258
464
868
591
161
649
61
246
299
18
658
697
637
626
243
828
729
102
546
116
25
761
354
422
350
256
463
105
741
669
874
999
133
741
279
294
79
30
230
378
48
888
75
685
514
8
203
242
110
749
48
827
509
92
248
549
38
712
654
779
380
217
467
203
958
436
187
37
467
417
105
515
305
180
891
509
880
93
441
990
842
179
506
40
272
755
589
310
156
933
780
226
150
246
120
798
683
307
525
149
415
631
354
410
501
244
919
380
27
49
60
559
228
566
289
190
10
878
191
857
501
971
774
341
907
894
138
279
200
354
118
305
985
473
715
485
407
323
556
125
62
306
684
982
562
974
171
263
541
52
119
41
22
893
72
620
476
902
899
367
255
17
672
930
180
387
414
587
400
660
712
463
966
86
444
218
59
615
481
290
668
600
332
380
183
94
1000
349
996
589
716
250
606
388
179
786
775
284
62
865
634
465
327
290
551
771
508
300
386
989
590
744
278
612
814
151
707
504
501
392
92
216
333
698
294
512
173
68
486
926
934
120
390
951
410
631
722
608
621
798
596
902
231
564
513
44
716
910
548
216
302
640
122
325
27
417
837
200
175
13
817
799
824
206
750
924
528
471
531
148
959
817
740
189
380
253
233
95
853
782
1
845
111
124
169
139
231
697
29
406
710
846
896
533
743
645
146
961
806
677
799
764
493
539
953
873
482
876
659
334
347
660
870
459
474
38
288
705
735
7
802
134
854
387
357
286
31
503
246
527
870
735
981
362
273
623
926
755
498
584
780
846
934
649
995
408
377
282
803
803
289
604
937
833
991
985
809
712
487
745
929
357
480
909
409
753
221
24
198
720
608
978
255
232
316
940
640
693
912
442
495
891
737
122
724
417
106
222
820
283
968
748
330
447
347
430
890
258
454
87
668
753
755
613
985
761
552
624
454
463
756
639
354
182
761
768
290
557
990
109
841
957
547
861
93
584
290
984
843
435
761
200
187
516
814
171
276
365
485
420
829
931
59
873
113
510
330
93
758
319
202
288
967
439
148
750
714
129
733
246
564
494
446
751
700
259
612
666
625
787
777
143
717
526
706
520
726
35
613
483
44
505
771
10
635
610
761
348
739
183
594
993
367
39
433
757
990
44
113
614
831
890
447
237
415
843
758
140
878
60
314
922
566
775
623
200
384
73
238
813
947
832
495
314
561
928
761
550
972
874
854
492
763
300
730
868
142
487
8
710
237
12
322
803
787
945
693
171
708
931
674
654
452
169
658
704
96
419
253
759
292
107
250
746
97
980
613
931
156
311
330
394
323
652
887
110
286
270
972
994
891
335
338
343
194
996
737
291
104
990
740
87
787
990
833
575
660
135
195
816
137
525
900
460
177
787
260
463
56
922
147
947
257
485
980
451
480
716
432
585
396
171
672
182
852
194
447
511
19
642
326
156
167
917
307
34
703
567
497
449
179
644
85
126
128
756
267
299
471
700
574
557
561
936
430
412
820
877
923
839
519
940
996
376
856
302
410
248
559
597
697
738
932
782
554
750
537
822
48
699
211
312
255
772
247
685
184
66
252
797
596
461
736
591
837
281
583
937
529
141
223
225
570
154
698
123
905
925
945
643
313
846
646
259
618
583
634
492
340
886
288
936
36
715
526
873
996
108
499
525
940
723
440
509
567
828
323
161
443
958
495
756
804
140
14
111
723
649
603
62
224
891
688
261
295
904
824
291
702
13
506
642
426
636
841
993
464
854
845
907
812
339
352
305
479
367
416
892
706
18
645
930
599
332
881
895
236
705
876
938
718
381
269
143
707
110
826
170
964
670
767
465
8
810
770
177
176
876
69
572
894
404
191
183
736
72
77
662
467
953
600
875
23
559
708
730
669
223
591
323
894
47
788
592
857
248
460
723
123
219
294
708
623
176
891
358
939
658
711
95
300
0
970
323
559
367
743
919
590
23
241
173
71
719
766
928
657
225
341
471
444
325
178
757
501
759
805
439
106
515
534
406
515
193
419
74
560
852
993
150
876
924
323
947
642
779
564
299
694
905
770
828
230
638
584
421
86
389
551
192
594
775
288
109
969
397
874
218
248
556
368
814
479
382
450
811
851
14
800
545
609
259
62
839
897
647
951
673
726
501
555
319
275
843
118
934
930
992
152
869
237
210
682
716
282
132
217
133
837
16
368
445
276
430
975
863
767
925
536
492
115
90
502
390
624
310
324
243
302
166
111
229
376
484
636
659
616
853
792
142
869
159
587
835
279
251
388
46
866
924
228
981
704
420
61
17
731
385
261
723
551
372
952
617
856
587
275
161
439
757
303
999
916
891
523
886
832
911
932
698
524
850
678
228
270
739
245
691
814
196
413
54
569
364
672
114
642
947
276
771
704
579
459
309
159
983
194
992
583
816
379
107
356
56
25
316
486
961
6
990
157
419
44
416
473
716
530
805
352
806
576
746
75
34
55
234
707
940
916
290
446
294
87
492
41
803
808
217
763
814
206
610
923
941
716
85
346
246
891
699
742
466
134
817
190
189
742
898
820
347
878
956
332
965
447
63
767
945
971
219
758
176
520
370
808
235
455
153
171
345
542
914
811
677
420
1
556
852
589
65
890
466
20
221
430
157
975
887
101
945
796
549
811
315
919
618
241
374
462
412
719
3
15
220
370
126
912
617
668
500
682
557
966
393
468
85
240
442
662
32
76
457
581
888
463
190
195
704
564
657
806
973
351
822
192
411
638
794
27
305
293
710
553
949
793
20
724
32
153
385
755
229
533
336
807
996
526
2
389
780
659
194
752
700
15
635
111
343
428
138
649
412
538
201
50
330
912
465
53
64
