628
571
583
587
191
666
462
478
16
877
668
47
529
62
966
928
523
83
542
599
522
854
951
620
249
664
228
48
585
539
178
212
109
761
800
300
117
952
468
133
518
135
180
46
888
836
664
101
919
205
390
440
59
30
751
999
694
979
737
278
207
916
181
6
676
671
997
793
622
464
616
139
290
486
876
868
321
229
969
239
434
358
370
183
388
120
873
772
98
609
741
997
524
922
2
200
592
1000
683
904
153
299
42
133
785
608
1
106
837
660
345
961
18
715
144
96
835
16
869
624
625
609
310
840
220
312
39
502
1
722
405
846
20
137
979
806
435
670
602
271
330
947
231
38
352
65
134
877
772
693
500
87
992
500
927
211
813
656
403
504
67
498
349
779
635
18
274
69
378
876
30
708
822
953
436
864
17
261
741
480
954
931
567
946
431
493
847
934
839
941
437
906
438
477
684
73
495
958
833
873
833
864
271
345
506
397
208
523
658
639
2
302
570
259
938
0
442
784
934
280
414
370
186
853
537
560
616
31
518
448
595
40
1
556
75
507
643
975
721
301
613
413
603
182
673
540
182
805
13
806
85
118
867
962
971
403
211
586
125
729
724
410
460
416
656
535
613
298
509
333
289
813
437
892
995
800
121
868
604
826
673
689
944
539
340
604
633
552
189
758
971
603
167
120
18
513
346
632
811
545
655
100
357
91
682
352
581
494
910
185
319
582
564
953
812
905
556
444
146
435
892
807
37
749
928
747
261
273
378
71
508
723
862
866
505
544
908
85
37
817
270
46
398
835
999
900
429
244
343
265
679
925
71
406
673
689
152
624
962
220
386
470
944
247
25
448
481
933
533
518
749
804
254
837
328
252
737
447
186
770
712
865
695
473
962
57
162
113
682
814
334
67
974
277
314
999
415
796
931
948
3
679
441
258
516
459
200
943
906
387
712
307
942
406
471
903
464
633
16
145
446
40
903
420
317
216
108
732
702
39
369
706
408
501
654
614
960
854
556
556
931
268
553
873
674
23
775
828
346
481
663
483
521
565
903
528
472
701
950
173
740
9
569
839
510
913
452
469
767
8
715
387
967
268
259
640
982
725
158
328
896
511
811
417
76
403
635
238
103
585
101
534
594
671
372
103
273
824
262
39
