128
935
249
789
428
657
454
366
733
956
249
83
722
705
968
716
154
249
626
636
549
969
878
680
320
106
360
933
993
42
432
811
667
681
600
94
27
53
460
450
9
399
224
421
103
882
136
258
130
762
584
370
731
152
49
741
949
409
673
941
141
105
752
808
476
41
903
504
94
52
644
794
452
868
215
245
750
41
193
570
494
468
940
915
620
990
655
568
88
327
199
230
122
641
728
599
682
630
793
466
373
436
951
515
304
856
450
744
897
644
313
80
111
944
995
421
933
339
679
20
667
568
941
789
208
669
77
580
989
870
46
361
306
687
566
300
542
16
43
128
660
46
209
461
990
894
572
922
233
250
633
900
819
573
378
717
241
146
297
921
15
33
281
11
410
848
311
952
554
354
79
213
401
288
364
390
182
936
2
415
876
635
4
384
898
72
101
830
909
88
750
925
812
721
936
221
258
247
863
812
291
942
715
382
921
78
773
102
704
465
207
580
790
902
654
687
664
755
516
573
533
956
187
34
677
813
946
935
59
808
747
41
750
461
423
670
230
886
462
934
350
359
203
139
951
858
517
304
302
32
877
836
679
754
560
355
567
506
289
316
313
35
357
62
187
471
422
417
356
884
350
397
933
244
226
883
101
743
187
403
466
754
929
144
198
489
499
765
995
478
80
307
204
128
60
391
289
482
498
645
56
538
732
679
782
959
562
883
391
439
977
547
883
905
691
80
83
880
535
77
358
616
75
252
434
135
643
723
307
140
57
53
678
480
733
150
438
985
723
519
423
699
66
996
294
447
767
67
327
301
145
375
607
911
627
40
45
960
453
42
790
511
96
157
991
829
307
118
813
30
327
926
419
393
611
403
531
377
471
548
679
306
923
285
216
239
16
952
889
469
994
678
980
89
835
660
608
833
468
110
553
796
35
972
879
647
65
409
714
536
957
392
842
569
368
748
498
384
699
386
853
382
754
523
472
279
873
770
111
341
881
664
827
606
325
705
943
390
805
657
616
451
48
147
711
106
895
208
490
593
285
343
976
729
556
137
7
428
907
809
459
477
472
285
83
488
681
25
568
485
682
875
936
421
21
336
527
917
235
708
509
520
741
174
248
296
311
947
414
909
755
874
385
918
158
158
95
529
875
663
13
246
537
640
357
559
976
885
475
210
282
674
420
22
849
359
8
850
996
422
758
750
986
834
667
835
682
762
363
556
115
377
803
342
707
159
901
372
734
65
273
15
430
693
728
278
742
736
818
737
849
266
487
834
790
844
668
471
296
31
27
411
98
520
753
805
369
344
176
103
99
449
809
529
833
227
497
264
653
315
1
501
581
178
25
370
712
383
841
7
414
558
108
202
768
862
697
137
896
564
931
995
12
739
214
535
966
711
800
619
25
491
810
296
669
835
356
380
218
888
78
322
445
186
215
904
738
912
40
633
475
971
318
178
399
532
403
55
242
202
364
959
383
173
254
742
699
301
813
607
188
891
619
323
76
834
226
815
436
957
137
911
927
455
779
16
987
182
71
920
74
435
878
458
298
822
890
997
122
702
293
0
592
913
324
359
436
550
864
872
507
0
473
123
146
251
139
132
123
210
742
198
335
309
346
634
822
235
320
944
938
614
635
219
216
959
578
652
508
441
214
705
132
687
829
278
938
968
100
61
869
843
950
894
151
295
527
663
220
538
297
157
842
932
67
57
890
645
399
397
777
613
102
599
299
621
877
928
588
977
679
146
509
318
40
351
613
257
13
833
795
310
681
636
241
748
383
130
82
783
218
549
85
10
147
75
631
23
693
909
691
371
55
890
379
95
240
992
42
945
514
838
254
885
163
186
322
237
6
405
710
224
954
795
925
792
870
555
505
562
464
886
623
209
776
1
995
706
683
36
650
888
564
595
462
728
781
785
965
477
880
674
702
833
158
626
314
719
872
820
971
25
705
284
234
480
976
228
877
659
955
526
236
519
811
698
937
281
172
901
759
51
264
150
885
112
776
889
831
337
708
802
362
413
85
596
583
60
514
459
409
469
676
335
678
486
33
614
768
205
204
216
257
158
366
832
270
832
410
101
169
118
903
531
221
678
818
494
428
21
954
838
180
319
172
858
495
896
161
953
792
365
168
739
523
534
260
794
366
670
585
225
788
177
446
699
855
954
193
282
976
837
810
846
846
673
394
340
568
555
293
359
611
461
788
133
686
47
617
51
718
892
967
195
68
412
585
613
366
778
586
31
304
395
877
149
67
270
489
326
516
782
685
126
934
163
950
619
210
257
