113
309
526
117
494
433
194
927
897
283
661
736
996
310
50
378
249
620
736
579
296
312
721
124
566
600
583
429
902
37
861
14
346
76
823
840
199
16
456
95
990
808
522
985
117
572
362
56
192
788
325
178
100
46
994
356
646
576
475
547
303
335
251
649
411
73
178
301
89
635
396
78
442
918
63
249
180
115
306
62
904
631
240
694
367
233
740
12
500
214
249
803
240
501
452
341
574
320
642
354
955
729
432
86
646
185
336
516
992
642
578
895
963
819
278
330
742
17
32
932
922
973
735
161
163
877
193
737
196
835
781
842
563
904
928
900
88
954
415
79
595
994
664
248
502
942
268
934
649
300
866
571
963
600
422
125
166
615
553
52
450
333
584
703
236
512
602
15
465
708
785
751
391
139
689
893
80
957
826
730
947
691
991
910
981
412
34
837
27
277
890
167
611
473
870
537
675
162
552
831
870
27
271
260
166
960
843
246
916
668
666
862
49
346
461
720
759
496
557
786
773
136
643
73
299
512
611
665
364
853
495
233
880
766
183
736
725
716
673
640
384
28
191
123
375
653
843
133
839
89
609
301
916
251
375
215
453
676
880
818
218
374
741
789
830
615
524
554
330
196
884
404
225
74
527
600
417
60
423
255
840
31
557
756
973
932
971
425
297
540
933
515
914
674
303
433
979
828
987
308
714
560
713
629
634
930
919
742
680
341
997
520
372
553
275
34
174
936
460
471
475
82
677
78
446
980
511
424
497
187
423
902
747
135
530
70
755
449
812
125
790
499
645
853
51
610
577
917
235
727
77
710
810
754
478
255
424
679
680
921
866
102
512
612
928
42
372
372
181
875
497
661
373
832
203
424
131
781
30
366
507
108
766
316
862
243
262
976
922
632
897
477
424
98
779
41
140
151
413
11
716
601
673
88
122
876
202
254
346
233
310
544
341
76
550
893
9
812
869
622
443
455
789
867
553
568
908
384
409
11
395
124
302
758
212
424
324
414
678
670
337
679
904
368
755
454
261
454
265
820
766
399
274
555
956
517
122
554
901
221
565
987
345
867
434
247
981
758
351
349
118
689
27
21
56
472
475
7
926
741
827
382
830
791
937
785
308
749
338
899
970
903
575
4
459
9
251
440
457
292
479
575
671
506
597
728
978
762
425
593
192
943
975
21
733
911
807
731
349
144
320
318
738
895
12
887
594
954
326
51
246
805
316
917
0
603
334
978
365
760
571
557
702
235
269
124
837
75
546
185
910
866
504
647
450
206
534
735
160
550
786
96
45
792
12
45
395
37
714
760
487
975
6
188
209
275
2
45
40
548
922
951
103
115
287
554
321
821
979
481
61
764
577
797
555
280
532
640
317
245
399
804
910
96
682
810
371
374
545
102
923
466
52
716
581
29
960
903
851
938
73
602
391
651
398
947
621
930
276
628
866
676
121
775
772
803
274
833
867
820
625
479
976
367
195
557
397
154
149
938
92
222
539
483
563
627
119
183
556
396
501
111
762
622
577
223
114
851
746
982
360
371
460
336
738
655
583
134
500
732
71
592
954
300
765
207
927
885
80
173
971
582
284
732
203
551
645
318
402
390
299
452
451
449
478
189
104
60
13
604
792
776
886
436
75
650
333
2
224
413
866
194
685
149
616
889
391
260
897
793
341
886
935
792
334
413
671
128
473
685
422
956
460
307
81
535
648
414
227
872
517
92
757
202
933
62
90
323
13
677
806
354
562
430
836
896
843
507
715
6
191
136
962
651
444
733
876
91
146
794
653
663
576
99
555
198
162
645
211
175
11
707
219
573
137
54
159
670
561
874
676
752
9
327
92
143
59
659
925
896
142
578
249
718
367
804
607
529
139
818
394
150
215
613
414
352
668
263
21
919
136
388
361
836
715
453
670
465
802
594
50
944
862
990
352
229
794
959
448
623
466
843
463
681
145
567
723
813
830
435
422
656
823
783
182
227
235
852
382
728
445
433
671
998
422
713
226
906
671
364
528
828
206
682
198
352
248
922
855
78
356
967
424
869
749
606
95
675
457
478
402
593
601
763
590
22
476
506
929
837
560
146
354
767
828
553
809
767
474
353
535
520
320
959
388
68
255
173
433
712
341
835
995
942
288
274
965
454
470
583
290
30
419
335
487
938
888
986
704
51
338
929
261
348
887
339
107
832
512
540
234
854
65
228
795
353
193
449
807
663
722
787
383
832
121
560
769
699
545
162
750
574
781
701
922
357
39
719
189
552
950
423
95
14
341
580
57
534
720
864
888
441
340
961
963
152
521
421
851
65
583
291
329
53
992
942
411
31
660
600
273
609
22
368
313
363
948
370
588
667
233
475
799
264
435
761
416
956
873
266
712
145
557
40
199
239
982
610
270
332
209
543
941
231
911
254
284
548
624
872
215
548
36
704
812
472
154
918
117
26
183
519
172
431
560
371
670
231
671
630
563
880
863
504
801
773
448
84
10
762
647
916
1000
683
619
501
154
464
418
963
490
292
481
352
413
731
413
773
963
83
402
525
963
264
719
453
727
857
538
737
619
875
653
308
557
962
810
402
425
227
364
606
209
535
958
622
266
371
394
228
454
486
443
107
440
162
560
166
709
788
594
327
662
937
636
219
588
135
311
13
52
365
619
262
900
266
884
856
637
969
83
782
454
527
579
585
379
829
751
87
617
34
105
969
971
431
878
559
566
188
262
618
553
571
570
143
837
144
999
164
112
773
636
256
990
214
841
368
733
282
145
349
316
941
8
978
371
886
226
627
74
488
245
317
58
815
150
895
649
149
749
761
922
384
708
911
598
238
969
21
520
113
370
527
54
378
504
115
955
730
743
719
908
678
35
966
182
186
550
832
25
299
282
947
683
990
547
972
919
515
993
438
318
52
655
62
121
158
178
75
578
611
794
485
288
519
140
160
395
691
992
420
680
274
56
362
954
603
23
872
808
15
0
126
759
655
188
880
504
56
645
81
667
128
257
645
337
397
806
733
778
797
843
147
761
590
510
715
883
223
276
691
930
276
817
688
622
695
257
125
752
902
897
108
720
153
754
56
241
559
479
709
45
322
857
807
602
56
211
484
279
177
174
208
454
681
586
766
66
843
891
508
434
787
616
153
631
369
210
872
618
379
270
664
701
126
470
302
873
371
477
152
548
341
50
692
713
327
457
779
860
347
286
294
825
902
137
455
962
37
16
579
417
286
242
808
413
402
801
976
463
277
127
11
618
869
393
330
195
851
799
745
888
84
38
402
677
867
857
638
594
873
907
10
159
840
509
262
241
309
237
395
276
55
96
894
614
489
915
499
29
403
243
608
488
973
9
855
839
867
182
432
429
88
133
588
928
642
540
860
641
468
254
917
523
350
500
136
529
104
635
559
508
568
166
686
540
175
540
68
732
722
501
161
500
324
439
428
656
980
287
296
447
231
212
660
581
402
486
109
507
811
358
14
378
524
700
919
390
930
987
121
651
177
973
841
191
412
268
847
81
245
833
218
476
735
878
747
137
53
547
644
864
905
348
932
119
47
540
199
977
527
10
317
394
984
157
276
395
116
813
166
51
646
384
528
70
952
965
207
4
201
541
558
106
889
489
916
626
29
114
292
246
124
609
330
798
457
606
883
263
419
48
314
755
122
532
825
73
187
723
768
388
263
325
184
152
815
99
778
534
904
70
470
719
369
800
516
516
96
399
469
515
137
784
960
260
5
474
333
192
196
792
581
460
116
765
302
621
865
79
845
458
840
314
176
900
114
383
415
210
472
885
415
609
358
374
559
363
538
583
556
735
374
136
885
180
591
186
802
145
956
646
604
796
961
470
695
765
853
800
975
14
374
79
314
732
143
873
95
681
145
341
105
519
167
990
700
758
175
191
904
131
527
197
617
177
667
1
942
210
801
606
915
175
685
228
907
828
792
692
199
937
723
304
456
890
294
846
338
469
36
932
290
563
128
907
741
485
908
372
385
399
979
300
574
663
218
170
181
9
553
380
947
966
684
92
856
978
938
884
137
664
815
117
917
633
715
347
117
312
720
193
711
388
493
975
50
711
145
922
721
388
301
357
353
676
449
899
343
76
782
170
740
286
979
346
919
693
694
727
4
103
920
406
491
102
380
231
503
215
844
914
293
835
270
647
510
409
235
544
485
17
714
915
994
692
261
603
74
645
329
79
438
939
175
929
40
555
850
543
461
693
457
754
528
417
90
37
827
326
271
311
33
676
917
26
367
177
629
132
512
648
902
950
586
76
568
316
321
417
860
782
110
6
226
638
423
316
365
249
332
637
251
365
312
167
82
369
34
401
501
546
740
402
185
15
168
753
332
490
169
882
962
970
888
187
607
310
194
663
250
526
990
501
582
301
358
354
360
392
445
552
628
184
954
813
200
122
565
222
302
424
103
263
394
991
451
691
991
335
353
931
861
342
121
132
333
479
486
694
871
932
936
498
806
889
0
5
701
255
227
2
680
20
957
764
701
97
454
692
432
498
312
983
530
434
115
554
913
291
938
784
222
873
972
719
761
973
414
152
227
642
845
597
352
801
360
53
898
505
435
19
693
747
2
222
180
117
776
93
408
713
567
321
585
228
39
36
200
453
188
118
785
723
715
137
214
766
881
802
270
315
822
963
61
824
875
242
631
651
25
38
53
282
49
639
510
779
365
711
923
243
519
707
966
233
534
870
689
414
672
959
729
493
611
791
6
176
723
637
827
438
365
570
720
415
899
229
193
263
630
115
506
148
513
162
72
737
31
761
151
703
410
570
886
711
50
892
887
463
528
403
901
584
974
620
999
872
540
882
135
169
688
641
318
891
493
390
627
525
841
468
227
250
38
113
962
779
4
848
242
223
942
142
807
915
453
495
786
993
66
611
852
444
943
169
334
435
249
652
960
90
119
187
30
848
991
682
627
685
220
559
908
161
391
404
75
844
589
551
526
346
162
378
790
104
237
815
539
487
466
499
267
275
376
988
123
366
670
440
50
890
999
649
50
79
743
816
924
332
366
449
678
218
827
157
322
755
972
552
241
437
50
198
403
116
185
526
482
545
656
222
434
344
871
174
423
304
680
36
636
737
486
3
955
2
160
968
757
823
519
688
950
259
576
352
375
762
568
547
997
223
769
431
257
330
295
681
634
666
407
960
402
893
963
356
586
813
323
32
635
532
411
585
791
987
627
165
438
195
712
435
418
171
556
676
191
851
46
825
206
453
784
608
36
436
655
312
939
668
34
264
200
445
539
991
432
165
847
560
360
558
995
469
419
550
835
610
91
571
124
297
23
598
596
750
724
250
752
663
608
787
927
808
231
155
799
353
320
645
914
681
893
908
840
2
148
674
302
239
244
427
226
958
24
822
398
749
762
149
101
370
936
718
868
167
873
356
210
192
691
123
563
584
722
402
276
870
766
578
799
9
695
715
658
410
227
55
849
679
204
950
48
140
667
607
998
229
963
898
421
654
712
675
928
433
767
203
993
533
471
481
232
166
886
890
576
112
635
424
792
840
63
530
670
420
136
357
649
790
254
760
443
966
124
370
88
892
573
771
114
734
251
36
900
137
927
165
940
561
279
421
90
32
642
760
452
468
807
791
257
61
551
700
717
365
69
496
256
332
266
60
66
208
97
656
35
714
512
975
965
481
86
55
514
728
505
656
195
312
447
453
63
688
152
470
743
913
966
690
935
923
750
0
130
537
347
165
250
549
830
215
720
916
961
233
643
465
580
529
777
717
982
530
94
824
0
837
736
966
526
671
888
967
361
708
503
398
563
444
637
393
349
357
999
309
280
642
774
860
861
241
266
842
771
360
355
771
888
91
427
103
452
4
69
503
713
263
592
275
397
228
358
746
585
357
54
866
689
518
415
549
759
682
80
220
732
435
681
619
526
107
413
668
803
172
862
515
435
453
480
522
681
529
267
957
886
11
822
264
530
927
813
979
608
893
198
30
327
880
339
544
677
752
902
479
925
763
684
49
906
164
572
587
383
529
543
268
541
54
222
761
981
34
429
279
617
628
1000
634
197
338
868
564
90
770
43
705
222
727
444
128
581
706
405
964
235
948
922
466
692
143
917
362
868
345
331
484
663
330
809
860
669
676
424
449
445
157
844
358
574
287
486
155
994
891
809
919
528
421
74
910
564
991
271
122
25
293
296
689
623
104
238
291
781
662
430
916
509
273
964
83
561
449
929
244
29
737
853
247
157
617
156
412
607
118
224
632
411
520
320
33
625
559
15
95
911
445
701
110
409
665
193
970
804
121
904
834
548
446
771
396
62
928
808
669
45
31
991
146
241
1
870
556
250
885
651
851
20
42
961
429
397
844
88
200
655
682
724
203
127
495
599
189
112
96
548
848
818
228
994
58
920
553
615
169
128
956
711
839
688
361
958
84
205
45
976
860
417
389
753
544
574
351
423
686
137
661
223
955
889
907
704
809
460
318
668
588
964
378
426
652
430
383
426
635
118
91
184
535
481
938
769
54
979
191
431
116
852
654
70
430
251
464
929
711
782
597
989
436
665
104
87
94
177
203
419
986
295
604
520
776
541
979
520
209
860
641
325
401
986
86
831
236
550
450
637
22
46
625
458
401
729
235
186
596
438
605
581
733
899
791
198
129
769
719
339
318
49
664
719
34
440
239
270
991
689
597
703
425
221
160
517
640
395
703
235
523
998
506
256
897
296
144
25
755
553
54
72
603
409
481
637
849
721
598
529
409
194
231
525
106
81
41
746
476
744
672
1000
741
868
946
327
164
89
353
609
643
97
682
245
506
162
572
355
573
860
574
673
745
496
197
851
577
238
286
744
672
648
743
102
516
378
430
370
157
473
979
490
570
350
735
767
203
998
121
776
547
385
448
291
881
335
832
458
573
809
201
935
456
634
37
662
702
157
722
859
630
391
349
890
741
774
656
634
461
467
100
8
853
548
990
423
574
822
881
146
630
772
772
776
95
809
438
797
656
159
656
285
550
695
865
982
468
521
615
930
678
715
628
530
954
617
644
527
128
524
363
758
987
825
224
81
323
662
879
979
511
224
263
752
919
819
733
76
339
37
696
16
443
323
237
86
631
881
303
449
94
356
898
771
181
121
853
504
783
421
483
984
645
436
735
253
254
157
329
283
886
25
300
18
38
227
104
359
798
407
809
892
763
706
353
634
827
205
138
299
626
621
973
961
56
708
213
311
555
542
594
130
257
584
148
987
501
943
345
298
349
844
881
803
549
233
126
375
128
264
364
754
885
337
404
632
735
617
633
980
849
226
110
797
501
258
783
1
201
818
991
240
662
871
733
210
794
860
276
922
814
640
675
699
667
769
330
401
385
653
71
924
879
181
720
69
439
502
762
330
10
752
261
672
312
684
572
105
543
848
26
357
178
391
746
535
159
766
627
234
418
698
157
987
879
878
747
7
69
508
28
79
259
289
441
261
973
13
366
206
551
82
253
729
473
689
264
322
454
581
556
562
278
713
548
156
280
294
854
350
492
882
119
441
170
561
702
834
264
67
730
815
149
983
544
312
671
498
634
815
769
189
376
46
593
614
893
873
599
746
913
90
628
32
532
488
283
924
11
547
682
741
361
831
723
595
834
83
783
467
588
551
347
964
287
630
268
179
192
867
926
105
647
243
828
869
731
801
793
743
347
474
173
398
995
587
684
518
670
156
676
949
398
22
912
685
342
870
555
534
426
170
329
73
413
156
632
834
957
114
266
994
278
440
82
273
26
766
481
386
612
156
334
700
178
937
75
210
806
630
745
923
800
73
996
903
921
317
736
567
432
2
561
710
442
643
673
158
98
154
544
400
310
569
100
179
505
175
79
0
495
824
923
294
588
608
196
198
926
622
765
47
624
325
757
756
658
120
914
446
965
148
537
274
407
637
143
602
502
223
292
997
737
215
981
14
513
867
212
128
488
978
866
803
993
313
558
341
433
162
787
397
0
323
361
407
650
195
699
842
418
991
528
154
896
508
169
409
64
381
227
553
48
93
45
41
406
293
382
529
145
859
926
145
873
977
242
212
171
941
54
589
622
582
434
517
781
293
616
535
364
844
778
413
627
823
144
32
116
216
561
261
74
176
97
947
843
339
850
14
971
904
293
592
175
417
799
646
710
415
181
765
258
959
868
885
782
702
607
588
918
858
849
992
33
636
629
876
666
478
580
326
71
874
918
937
290
406
583
691
821
454
145
769
412
12
653
884
714
950
471
631
807
10
312
530
336
631
96
1
799
676
327
870
239
935
807
220
341
79
911
161
533
746
931
635
758
273
209
161
914
370
482
720
380
484
250
717
115
36
408
914
712
736
474
952
670
280
171
10
49
772
863
272
517
483
907
965
756
115
816
669
486
297
79
556
781
19
963
586
55
371
500
767
106
974
408
466
944
269
477
683
731
339
955
938
822
861
592
267
667
407
627
843
394
706
88
866
415
51
451
470
112
641
927
909
614
25
374
247
294
851
930
716
880
884
653
391
435
245
349
792
652
666
324
46
61
412
602
476
463
52
946
265
694
562
173
998
587
548
245
572
88
865
287
659
439
630
740
564
565
88
355
217
754
679
954
815
781
555
981
935
297
616
199
991
178
373
679
455
611
614
26
699
478
3
357
607
324
97
170
889
876
215
796
320
584
439
825
365
684
806
299
982
421
498
662
289
561
340
745
171
954
461
561
122
155
608
729
479
395
900
57
962
805
854
281
389
292
105
754
977
911
743
958
22
240
309
311
492
650
746
353
293
207
914
415
362
212
144
531
607
734
588
568
538
441
539
927
424
645
370
90
245
112
47
267
43
46
269
535
696
14
888
990
221
492
404
273
704
238
494
0
972
82
569
510
213
107
126
327
442
497
417
688
609
154
645
652
201
604
877
587
619
765
576
530
947
671
494
340
599
988
340
571
760
599
771
664
397
897
991
839
83
98
216
693
252
552
34
143
846
912
731
464
366
997
685
312
667
869
652
957
546
682
217
306
281
988
660
368
574
340
206
348
438
113
40
691
355
765
834
200
676
254
355
732
251
730
734
608
598
75
564
143
758
781
139
729
458
799
96
723
139
993
70
267
796
801
648
150
565
172
351
932
426
396
663
677
125
397
285
413
472
539
556
920
10
696
648
468
184
434
190
13
427
951
281
222
751
619
373
316
791
414
938
217
500
600
584
625
687
559
37
850
98
283
769
108
669
107
266
544
541
147
557
658
97
528
881
849
147
944
164
938
47
792
845
547
391
429
862
769
988
589
618
776
562
76
574
922
874
841
465
415
988
712
763
84
240
643
933
77
276
787
705
13
578
550
250
660
669
802
428
346
80
736
122
643
812
696
564
686
226
719
791
213
430
553
989
360
887
611
437
853
398
833
867
666
382
116
15
741
609
443
86
689
869
899
331
681
285
585
56
511
303
537
415
734
89
403
784
666
13
221
519
101
744
75
458
125
882
473
556
490
607
642
179
475
231
510
846
516
786
592
717
88
128
131
512
909
224
296
574
929
207
783
29
951
858
177
766
430
651
321
920
257
653
98
422
574
299
959
89
84
550
807
863
369
628
375
277
853
361
541
781
568
14
500
208
562
678
664
992
18
985
912
966
327
9
387
902
999
345
681
82
586
487
636
955
806
10
231
658
61
462
438
319
476
628
527
38
305
190
29
323
865
631
979
882
641
366
473
329
401
154
412
987
331
47
631
136
748
552
484
809
14
612
818
180
240
344
218
235
224
939
249
779
569
227
350
900
283
824
229
685
668
331
361
999
68
993
826
506
544
1000
314
248
612
822
429
852
165
337
777
79
275
25
858
535
944
207
124
226
721
353
601
388
374
963
77
442
645
593
948
879
592
952
127
203
773
246
745
628
583
212
397
549
928
945
83
871
843
207
788
563
251
388
642
315
40
719
448
375
1
395
254
593
37
71
487
500
317
922
819
900
133
215
448
752
160
221
622
2
119
409
255
370
488
897
375
528
305
823
904
306
909
848
590
946
919
767
135
235
378
644
825
202
860
964
954
710
875
575
402
994
675
657
53
162
244
429
380
549
251
283
546
159
821
826
795
739
592
931
664
970
574
179
171
123
833
815
523
707
390
925
701
755
272
754
607
516
873
987
755
124
961
300
283
781
125
769
210
407
389
564
377
963
743
238
777
575
53
299
282
133
915
673
578
186
426
184
702
990
861
456
113
511
447
86
983
572
855
192
980
243
756
46
897
189
975
363
454
718
352
736
541
266
98
118
452
215
993
844
204
854
991
317
54
437
93
36
699
639
228
368
882
675
104
468
864
79
831
7
487
874
744
28
139
842
837
592
56
830
125
951
373
115
267
427
242
51
464
632
690
382
1000
261
747
795
730
300
874
250
308
360
123
51
78
954
583
916
235
330
435
360
280
808
166
238
925
98
289
78
730
669
461
420
930
898
214
349
198
778
600
506
828
413
247
907
366
830
512
601
850
947
652
821
754
818
749
368
606
728
447
26
396
598
446
325
495
350
675
693
818
965
198
645
67
445
241
434
966
753
725
505
389
66
325
833
574
73
201
180
491
338
206
887
936
342
212
120
692
577
814
509
541
702
844
608
838
85
732
803
528
147
307
918
213
323
750
788
86
641
968
578
979
864
464
914
205
366
725
587
633
538
95
864
930
629
162
767
714
894
259
933
731
257
850
945
580
289
732
356
931
389
934
909
252
88
513
147
144
237
734
778
465
519
641
84
147
803
852
862
387
110
484
117
57
23
61
637
312
483
994
933
562
617
532
504
705
44
651
850
972
384
317
126
903
958
210
50
761
752
602
147
553
776
955
610
799
16
247
110
189
931
43
752
237
575
255
943
309
597
482
971
981
799
96
574
446
997
314
206
749
606
43
301
381
999
911
179
705
848
980
584
468
22
25
706
287
972
338
286
568
820
256
238
308
42
812
754
39
816
651
788
421
694
779
492
382
379
671
777
227
651
361
695
363
386
90
341
357
428
627
615
247
884
854
245
926
665
1000
655
171
650
132
592
33
911
84
106
290
445
573
207
786
624
592
840
701
683
180
748
110
807
363
48
380
216
293
997
571
983
651
742
632
784
24
356
384
799
152
674
934
725
571
720
349
163
559
49
846
429
487
646
926
850
694
997
756
678
683
327
660
333
759
292
807
473
338
882
271
180
245
896
905
817
615
944
980
864
683
515
983
170
160
908
710
545
594
466
222
276
483
882
300
241
864
797
715
892
678
676
71
924
571
667
740
876
610
409
429
984
924
411
844
774
9
553
318
603
709
230
880
191
112
179
433
976
976
838
558
344
513
629
267
775
295
697
650
596
105
79
269
719
490
112
182
189
355
191
793
64
421
362
946
223
541
68
890
206
906
447
550
109
75
507
884
371
203
223
657
999
302
926
717
483
37
590
672
82
781
154
837
201
516
783
425
747
851
314
644
447
451
193
556
526
701
129
587
594
352
243
593
345
168
1000
518
205
589
189
979
369
34
815
261
550
597
376
988
138
380
631
585
831
514
140
356
905
960
944
499
311
186
782
346
355
781
864
250
370
744
228
429
778
734
690
17
330
65
4
158
445
325
743
275
840
573
322
434
532
265
933
534
141
404
880
186
185
744
437
245
487
355
674
955
88
364
972
109
429
667
267
565
992
701
530
521
273
852
646
496
116
268
720
949
673
599
134
858
32
571
102
209
617
776
163
395
830
826
504
950
492
462
514
173
162
43
385
125
586
30
311
702
298
30
340
971
630
475
518
352
736
310
562
352
777
415
438
606
240
942
555
422
93
759
286
946
803
671
71
388
391
382
780
379
413
811
40
733
285
558
84
20
559
336
63
335
752
191
941
992
132
186
104
917
945
390
862
437
751
933
825
141
5
295
520
108
105
250
841
80
499
615
791
57
642
544
82
393
735
22
74
558
899
178
474
844
258
335
280
8
959
796
149
654
90
360
762
886
610
292
656
799
597
446
856
238
991
938
321
725
651
396
973
549
264
446
392
523
472
363
531
120
158
371
464
939
731
916
514
30
207
169
830
494
615
375
423
295
3
744
711
344
139
683
893
94
820
976
617
291
338
147
101
186
518
565
124
939
480
638
660
377
497
179
871
111
554
293
407
247
37
117
591
867
490
174
961
309
149
267
290
177
415
391
363
623
646
177
562
125
505
912
502
1
90
63
803
644
46
209
582
774
16
172
331
197
346
982
506
185
249
797
362
664
878
415
977
524
282
228
649
787
139
842
478
229
595
281
564
331
180
145
105
888
7
436
84
354
107
590
229
356
76
592
19
955
697
687
478
980
915
817
456
54
348
935
974
633
906
537
965
85
372
69
973
380
195
56
424
302
337
653
349
103
935
368
57
322
745
225
301
660
733
447
404
80
381
377
714
286
605
678
62
977
437
34
46
322
782
470
314
809
814
663
912
748
722
660
69
466
885
60
816
617
508
219
388
579
287
792
556
892
159
618
558
286
342
605
608
123
765
612
622
578
275
224
16
687
884
776
843
458
527
659
766
34
568
153
303
855
635
859
746
794
476
304
79
819
909
377
632
673
989
254
942
954
478
648
640
51
423
483
509
950
832
274
674
399
117
668
254
752
526
690
545
693
994
624
511
592
691
833
956
680
777
897
323
945
234
964
996
657
136
505
297
658
469
661
56
587
328
0
338
855
691
884
547
684
197
748
967
889
270
922
258
47
508
581
992
742
234
678
88
60
873
385
718
341
46
465
928
64
465
266
919
155
840
155
530
36
593
496
615
864
417
873
601
925
454
282
356
688
650
444
439
522
830
156
864
566
621
481
630
86
437
239
932
276
394
461
3
678
957
618
231
373
491
832
988
635
804
343
12
454
788
451
976
617
608
529
873
919
10
502
695
447
741
627
414
826
87
417
193
44
34
424
107
215
946
95
850
749
438
863
893
916
313
559
222
611
87
94
530
788
287
224
926
718
851
339
543
629
756
736
673
480
850
470
696
795
565
545
234
694
97
817
299
101
375
522
712
153
616
241
941
593
156
556
311
697
895
544
325
340
280
688
821
820
158
206
615
413
441
539
106
229
45
406
330
421
618
41
574
924
974
204
517
820
761
828
516
345
371
842
376
341
219
887
161
377
92
466
791
223
695
587
452
740
683
782
851
300
824
114
224
487
319
741
306
770
258
512
805
319
353
180
661
573
66
512
640
849
668
430
72
52
17
524
792
700
306
643
691
820
757
915
306
766
345
302
225
603
814
30
612
858
901
272
120
968
474
760
816
832
881
888
884
588
102
676
978
408
8
668
918
455
582
914
912
617
215
136
219
719
857
832
266
758
794
386
415
959
837
230
790
717
809
674
304
601
39
281
8
47
640
616
192
221
529
103
839
434
240
748
152
96
269
419
544
754
495
959
712
331
880
501
738
688
865
41
288
904
13
987
641
653
292
834
564
821
937
92
254
867
841
96
654
800
205
197
553
391
156
955
722
35
146
150
413
10
191
391
915
895
67
555
237
359
388
802
179
15
894
123
882
424
910
535
915
806
733
467
196
579
112
608
614
258
758
717
268
640
107
873
534
865
118
462
223
196
263
92
211
847
906
93
962
815
318
876
310
50
32
506
319
144
805
623
402
562
339
361
892
136
233
116
0
351
578
223
548
841
5
449
377
911
232
338
416
551
213
726
291
937
232
611
80
36
233
173
288
573
534
180
709
457
296
400
499
874
313
46
404
319
185
471
229
418
500
335
969
403
61
259
339
984
870
420
710
794
593
998
366
817
868
765
273
854
164
772
417
168
508
511
487
694
983
406
802
482
742
770
885
493
719
915
476
279
334
185
72
617
873
128
123
431
583
396
284
438
859
702
606
56
212
92
440
885
188
241
56
620
701
632
112
420
546
588
389
570
463
461
877
336
279
1000
767
862
85
741
299
944
442
905
691
345
687
130
920
876
372
977
495
72
298
608
182
844
886
571
413
349
722
980
375
0
979
832
863
754
572
161
388
705
757
78
740
443
208
659
318
580
325
504
343
623
802
525
156
687
96
259
726
818
238
791
509
907
622
371
661
885
222
48
589
979
126
328
112
24
677
120
605
2
624
948
315
115
162
472
493
258
731
218
767
970
700
966
566
11
336
226
896
248
965
174
918
90
192
29
806
870
149
410
562
464
47
567
579
209
38
71
158
460
981
615
429
680
580
995
691
606
912
277
854
876
451
771
657
644
490
462
203
640
562
455
103
609
21
372
508
60
444
666
520
114
971
639
794
550
323
174
846
925
451
390
801
593
851
147
236
341
299
439
671
861
894
774
159
605
836
667
665
279
23
875
393
994
203
877
234
217
742
79
141
883
469
632
475
10
779
711
351
77
840
21
628
423
485
787
28
320
144
383
290
167
949
373
851
151
250
775
368
682
545
200
564
704
832
39
714
301
440
64
68
280
776
387
393
260
173
111
271
317
495
561
174
443
934
25
284
874
490
343
555
34
233
810
739
64
849
452
55
288
517
815
258
983
201
652
243
64
453
514
72
948
765
246
80
388
962
55
262
452
398
507
486
631
316
224
385
855
367
131
834
574
946
91
556
837
433
799
901
887
2
973
524
767
219
605
155
871
350
107
322
748
304
499
68
311
413
453
165
780
584
999
353
219
781
910
55
904
708
957
480
401
619
4
167
528
299
12
399
649
810
721
86
114
910
154
425
323
297
590
102
572
279
456
791
750
365
537
653
763
183
133
854
802
828
712
330
817
724
419
465
534
139
241
648
740
395
763
62
382
352
164
954
321
620
435
70
675
662
414
128
845
237
982
336
64
693
356
881
107
775
35
641
605
276
979
344
361
431
96
743
783
260
387
795
571
822
555
936
173
969
63
17
205
736
43
269
428
90
840
535
555
875
866
850
841
534
884
201
965
980
635
438
240
21
923
811
533
477
436
706
446
500
413
651
235
146
611
353
236
140
579
792
15
134
331
546
359
215
438
323
194
72
451
434
784
63
935
6
541
371
712
677
561
815
17
486
961
628
839
888
769
417
369
474
552
700
710
911
915
147
924
109
910
65
543
693
128
168
699
359
229
100
35
790
915
53
275
566
681
804
453
139
221
822
303
463
521
13
63
126
160
677
235
70
432
468
453
251
636
152
610
555
943
646
344
858
699
309
113
69
113
566
900
334
77
202
487
288
906
240
414
66
607
649
827
39
808
279
290
133
121
900
689
64
235
32
612
624
32
725
694
145
981
283
169
57
485
656
345
391
586
450
147
192
98
974
922
906
943
211
39
64
802
418
819
36
140
430
351
172
845
44
317
825
327
486
572
502
832
607
583
107
56
730
300
846
393
221
751
26
123
480
781
615
898
599
341
38
719
692
901
253
426
218
768
753
394
339
946
226
636
528
333
693
949
323
538
31
235
979
748
48
149
528
663
737
126
3
465
535
386
366
788
812
584
245
255
978
584
200
894
220
418
918
603
366
240
140
88
165
118
836
213
267
364
566
4
180
260
469
406
646
525
884
457
108
129
712
777
713
602
670
623
20
277
225
386
208
55
164
373
865
0
277
822
54
533
516
925
793
986
330
438
200
214
586
309
343
988
776
746
590
445
59
610
413
975
686
621
30
851
684
585
541
961
406
285
494
923
209
977
598
540
415
798
754
691
106
787
678
572
222
958
17
281
567
120
256
944
741
977
794
424
561
24
75
967
309
259
579
518
235
176
748
340
975
191
30
771
978
399
343
200
356
50
171
614
170
117
557
601
93
40
715
344
64
790
1
63
48
580
581
975
447
329
314
111
520
35
882
188
434
915
78
480
965
249
93
825
367
340
115
150
380
831
185
444
620
186
197
359
456
779
23
903
798
337
13
7
62
586
195
496
500
273
667
155
523
760
670
580
100
786
730
170
616
915
305
926
791
502
975
938
280
998
840
768
25
544
776
87
820
971
274
9
935
941
164
147
390
525
727
180
310
146
351
616
752
656
541
232
157
206
169
128
203
700
896
919
934
361
697
753
332
971
762
957
601
617
103
681
141
520
862
141
356
903
757
107
558
297
30
405
503
199
223
397
899
119
5
522
480
702
274
502
362
727
148
653
33
251
334
174
771
195
315
818
788
762
925
345
749
955
440
943
845
664
339
433
473
34
956
643
427
229
836
479
646
984
132
679
235
466
543
696
351
548
513
829
309
128
173
58
773
303
0
617
967
29
741
129
63
696
773
180
615
608
660
261
591
482
940
516
638
483
903
679
30
415
507
30
233
370
88
697
673
88
3
330
808
744
459
561
439
922
742
54
529
91
315
811
573
945
16
210
117
919
889
148
334
395
178
257
765
957
954
437
735
958
457
542
701
917
102
831
528
844
885
748
935
890
558
197
834
574
407
952
493
295
790
517
690
658
464
144
304
418
582
38
65
729
580
766
645
372
286
864
907
170
611
531
750
859
729
274
432
135
916
615
121
705
822
811
52
286
646
356
704
918
394
769
646
664
224
982
726
511
845
632
371
455
163
812
313
582
85
435
407
0
741
528
395
562
29
447
538
675
493
932
592
577
390
237
931
305
218
656
506
753
979
567
207
832
378
210
413
153
336
820
153
76
38
238
328
67
375
867
742
868
798
23
134
879
951
64
183
169
411
689
612
389
255
820
220
324
720
633
477
55
142
321
131
180
559
460
938
935
16
679
492
504
392
317
382
343
381
255
202
482
944
814
871
890
323
90
213
43
413
690
98
246
701
921
426
260
70
54
885
86
733
66
280
816
383
353
158
455
608
50
937
242
864
808
131
187
588
34
230
692
414
18
938
115
939
53
65
699
107
950
785
531
706
756
346
89
108
194
234
716
244
861
958
798
358
779
985
947
813
905
328
918
614
265
32
242
8
97
942
116
737
726
337
442
171
373
221
279
567
145
996
501
6
643
298
364
112
974
0
615
568
328
532
181
283
254
424
292
351
365
98
778
781
435
911
953
808
822
922
64
968
917
255
974
250
243
27
362
216
28
667
785
356
199
656
640
453
79
622
495
134
720
963
606
154
873
558
652
695
479
406
352
86
661
325
26
904
42
78
811
70
745
285
117
634
941
447
87
711
68
272
535
788
234
140
632
798
388
974
182
868
379
534
644
730
549
360
323
591
438
133
352
182
108
469
507
49
916
594
450
674
556
985
151
790
125
783
277
513
756
459
70
825
683
404
554
231
764
567
513
892
701
865
765
809
23
271
548
629
865
688
302
110
673
453
590
488
926
868
691
371
16
452
195
700
856
439
931
310
5
443
201
396
998
966
896
20
236
443
649
791
131
951
591
494
93
181
672
18
48
362
389
64
814
274
764
360
403
385
360
99
518
251
495
516
217
390
536
143
524
185
625
345
826
215
529
920
396
200
628
134
562
708
890
66
982
653
116
75
728
476
174
246
727
359
762
634
440
988
468
964
172
783
999
689
998
527
298
84
727
926
909
288
323
798
44
996
141
160
70
869
326
935
114
744
293
566
67
733
554
225
386
416
7
384
104
696
911
92
470
637
18
378
616
31
176
350
26
7
201
96
876
527
30
681
961
14
246
719
747
800
944
824
216
952
207
10
337
809
103
807
445
812
184
751
843
50
101
870
57
302
656
624
519
687
304
170
391
550
889
828
350
832
651
256
473
859
266
810
667
369
616
802
180
491
243
714
231
344
583
980
336
238
293
545
615
597
715
5
837
603
524
877
125
174
132
598
723
89
98
389
458
404
882
329
585
124
733
507
158
315
486
494
243
779
729
859
65
444
554
902
737
77
779
552
943
601
150
665
690
939
54
839
342
626
858
618
750
590
124
598
905
610
782
147
78
510
696
834
644
941
735
381
17
203
933
960
805
773
315
494
401
369
332
434
685
189
51
434
779
175
31
373
475
813
211
243
12
597
76
657
537
811
728
245
705
660
895
509
123
209
2
214
268
25
648
953
905
699
76
374
874
798
747
348
300
648
281
313
245
357
970
472
859
697
717
563
46
612
762
860
821
454
74
89
479
722
732
384
111
809
758
985
606
194
23
907
533
304
910
778
352
879
249
210
265
657
463
1
268
224
552
779
678
316
558
848
728
290
231
839
789
679
514
84
563
227
991
95
221
900
563
573
468
503
473
423
159
936
115
117
159
667
586
528
673
835
375
400
815
296
239
603
975
443
687
227
670
368
13
891
958
266
154
116
769
627
539
618
563
344
425
412
701
11
630
373
536
4
774
350
300
703
953
965
145
329
883
505
697
896
85
655
161
239
771
621
557
1000
238
119
34
354
221
735
365
852
108
591
546
572
941
847
965
893
501
800
912
383
304
609
278
79
954
130
319
414
751
876
103
989
685
137
342
596
563
397
137
671
988
684
933
618
220
897
200
721
696
112
104
690
721
72
769
364
202
778
468
953
653
571
632
27
399
664
624
962
752
451
322
739
134
254
357
354
150
557
766
536
359
560
225
770
632
684
133
525
462
601
167
805
863
799
833
261
153
146
222
905
597
544
333
422
798
380
776
638
628
231
864
987
791
779
757
113
462
890
638
924
181
805
729
43
294
251
995
447
397
216
41
684
450
374
105
938
755
572
265
382
803
128
368
284
907
124
397
58
705
725
673
576
219
91
309
203
342
303
650
429
209
381
803
659
756
909
286
510
170
551
892
663
369
950
947
966
74
33
23
469
448
696
735
668
787
43
561
819
36
902
247
245
282
50
594
37
649
570
547
509
120
128
171
179
78
809
144
843
532
858
1
981
244
736
338
721
469
899
540
505
490
477
440
773
217
33
810
866
603
47
374
413
175
236
282
944
44
426
476
576
974
477
246
217
903
274
939
371
864
478
566
353
645
5
125
863
729
936
728
21
673
793
434
538
28
406
482
763
522
648
28
496
816
275
403
718
549
341
780
412
509
345
766
154
41
581
16
770
206
434
792
879
226
916
417
945
322
589
707
844
927
736
339
742
701
743
150
940
774
930
352
283
965
808
127
5
388
143
776
595
267
257
163
184
172
580
128
494
859
526
28
786
952
57
217
342
490
367
281
264
987
323
237
642
130
364
647
209
197
112
494
154
369
657
338
232
928
157
726
476
683
754
952
324
812
169
666
992
536
637
255
213
961
182
855
781
236
191
990
123
304
173
278
363
831
616
595
448
773
11
614
145
455
566
159
957
735
825
949
961
462
894
173
112
76
718
893
312
910
883
436
904
55
714
266
576
19
552
714
483
563
328
628
708
894
478
665
318
302
613
278
454
506
142
566
582
860
149
585
769
31
20
672
777
424
629
43
133
180
447
616
433
465
935
140
358
412
805
366
404
107
335
549
614
477
805
886
336
954
470
796
675
180
467
452
294
786
185
428
656
322
734
779
788
668
920
836
770
414
202
174
212
537
723
826
704
527
401
39
481
562
525
155
432
683
297
417
468
172
535
124
495
268
593
282
627
512
117
396
617
9
570
829
546
983
344
249
510
435
980
681
997
504
526
119
186
514
536
345
686
70
159
871
28
752
152
655
955
961
742
571
970
1
89
206
985
123
145
184
558
815
865
245
9
80
364
886
594
590
921
280
660
79
841
378
832
994
724
476
644
465
737
303
466
826
199
450
949
35
634
196
850
188
441
549
269
495
435
863
84
355
833
434
125
674
813
647
357
536
122
691
691
859
994
156
374
193
297
12
919
621
208
768
810
340
7
769
525
132
321
610
487
154
734
302
518
546
949
565
772
70
255
152
619
939
1000
993
822
296
695
740
917
594
198
416
934
205
184
458
337
506
758
514
350
492
817
558
728
455
122
190
216
67
342
835
696
341
518
208
637
212
948
244
806
836
350
429
731
535
578
758
731
335
272
80
827
779
638
245
233
450
435
139
207
467
975
593
809
182
801
135
84
439
69
581
965
420
9
696
955
277
453
375
613
415
455
129
884
783
64
808
923
499
947
820
967
611
412
465
793
904
600
878
342
360
148
306
780
848
692
424
125
145
799
428
250
253
557
134
726
312
942
648
811
888
467
467
499
569
932
291
472
222
859
504
582
6
501
361
545
192
475
670
27
273
97
278
216
344
412
942
656
353
589
157
931
746
624
429
4
246
411
477
468
960
981
740
967
171
791
511
364
265
871
391
538
968
669
754
1
771
695
658
123
974
815
745
409
128
173
413
374
584
580
532
544
251
271
200
422
61
401
786
16
962
868
554
929
226
998
930
998
382
277
811
45
91
555
454
220
729
558
284
2
828
817
236
78
87
126
501
840
217
977
856
178
534
100
797
761
97
417
758
170
694
258
215
476
814
360
386
232
608
670
925
435
486
852
514
264
978
705
794
195
371
339
63
906
129
861
666
918
277
113
87
971
61
302
136
875
352
522
797
960
192
412
395
368
263
909
322
931
303
806
125
674
145
880
269
274
740
625
191
16
428
969
677
490
962
814
54
313
335
542
273
217
954
668
276
216
266
288
146
259
94
963
623
930
842
893
894
271
207
85
287
636
744
654
125
705
467
870
18
493
411
982
400
364
649
676
270
605
965
107
554
749
69
176
678
601
68
571
872
276
346
849
602
90
502
727
795
660
596
503
152
698
484
552
61
823
919
22
117
573
129
671
321
889
848
999
179
606
569
50
572
606
589
173
696
90
590
180
440
877
374
592
574
548
835
325
61
753
347
178
325
476
540
336
364
387
334
543
683
593
283
946
889
872
118
584
653
399
455
92
275
519
375
539
66
900
864
127
652
211
997
667
377
536
693
432
613
26
665
986
309
949
931
198
510
740
472
853
138
617
636
103
135
10
332
893
600
195
710
942
96
396
608
474
622
991
596
234
16
260
220
15
899
841
904
99
580
376
952
408
683
587
201
509
287
533
91
887
729
801
828
515
888
125
679
509
115
274
434
822
535
654
528
123
184
431
222
765
497
174
863
871
451
64
379
429
597
470
5
15
961
524
531
848
339
209
47
455
174
481
967
399
825
184
522
8
306
745
463
803
609
326
673
750
390
742
178
987
211
184
693
863
708
223
400
46
122
447
191
296
928
849
385
752
723
908
451
28
342
914
832
951
239
194
700
629
627
569
306
838
753
999
390
150
912
791
887
33
928
769
20
546
307
405
297
29
2
438
58
344
352
580
985
591
464
685
911
90
253
907
619
696
905
8
536
816
489
422
539
107
881
559
653
187
655
640
908
657
78
656
692
430
235
676
711
389
360
621
480
303
527
789
689
121
487
224
627
667
337
166
774
908
415
426
786
760
65
693
417
143
348
108
263
273
474
975
352
525
595
522
828
813
310
207
934
798
121
561
154
148
417
928
56
832
353
532
282
108
915
699
252
262
497
205
225
661
179
267
185
465
790
704
277
99
911
901
587
722
151
741
871
258
358
617
781
711
148
62
820
62
451
762
14
948
657
930
298
837
196
484
301
676
187
268
466
788
859
52
509
701
484
69
959
842
686
739
243
524
801
753
276
251
204
981
889
861
600
187
697
487
671
688
162
548
646
628
335
195
371
844
896
855
914
544
386
289
283
319
504
83
762
780
25
966
451
604
827
50
791
213
537
151
592
390
699
928
17
724
122
388
568
708
933
171
252
9
150
225
18
654
999
781
434
23
746
885
628
262
625
108
166
853
951
758
242
649
375
950
63
188
28
631
586
961
492
838
660
642
753
679
296
752
459
420
775
895
995
92
157
309
892
13
161
842
461
93
180
836
43
243
23
71
564
610
722
55
137
72
388
891
751
374
642
900
484
106
484
478
890
331
477
781
344
639
622
805
732
802
641
465
45
354
226
299
654
949
355
482
20
433
372
461
807
704
360
290
500
534
458
389
866
935
860
209
263
171
705
686
664
35
150
399
389
377
698
734
15
52
215
35
175
277
186
982
981
236
962
170
770
109
250
635
44
109
535
998
972
930
683
635
965
524
33
43
591
731
777
606
474
682
331
649
959
517
321
629
753
973
800
522
82
49
848
817
849
72
504
820
1
187
144
966
401
177
699
992
599
166
287
72
848
618
411
807
134
422
435
577
85
925
789
858
664
636
364
203
708
868
713
399
745
858
364
145
725
754
827
323
920
113
85
767
731
187
263
555
299
389
822
384
3
611
932
668
246
295
561
645
163
273
43
908
821
98
744
546
852
570
559
461
684
645
918
104
522
181
350
511
260
171
896
263
472
827
621
719
813
181
53
976
145
96
573
966
885
6
511
736
577
70
887
951
405
805
745
617
676
785
127
936
957
713
889
118
230
510
837
42
381
580
708
526
677
971
492
251
978
2
988
244
763
874
885
858
368
629
474
43
104
292
979
60
4
558
178
234
67
706
276
138
285
674
665
652
645
847
904
312
539
581
556
302
144
130
850
513
449
324
246
553
306
225
303
310
783
172
545
540
878
511
368
853
185
32
195
830
879
789
832
108
59
77
410
894
207
950
96
656
964
343
209
269
258
202
580
731
374
124
961
942
325
328
485
510
361
370
29
930
158
861
37
908
938
137
491
835
87
588
491
741
931
390
10
879
592
590
609
967
404
569
598
729
897
82
930
948
452
959
568
300
510
295
207
137
123
699
973
901
977
153
641
597
233
651
475
515
240
774
481
334
32
770
63
929
852
683
567
304
331
825
294
841
119
502
669
933
891
331
833
557
484
474
153
407
815
318
922
746
91
93
79
123
863
833
742
714
515
999
708
847
823
2
377
633
194
45
565
775
376
88
331
550
